-0.285619;0.090446;0.627847;10.024654;0
-0.275005;0.106065;0.633690;10.024654;0
-0.265677;0.095927;0.633690;10.024654;0
-0.255950;0.078871;0.639025;10.024654;0
-0.245770;0.067872;0.639025;10.024654;0
-0.235367;0.067808;0.643847;10.024654;0
-0.224358;0.070838;0.643847;10.024654;0
-0.209490;0.063943;0.648174;10.024654;0
-0.198464;0.063819;0.648174;10.024654;0
-0.187194;0.071960;0.648174;10.024654;0
-0.175722;0.086346;0.652043;10.024654;0
-0.160873;0.097033;0.652043;10.024654;0
-0.150002;0.094317;0.655516;10.024654;0
-0.139174;0.091442;0.655516;10.024654;0
-0.128434;0.094238;0.658678;10.024654;0
-0.117997;0.103629;0.658678;10.024654;0
-0.105054;0.112369;0.661636;10.024654;0
-0.095343;0.098940;0.661636;10.024654;0
-0.086435;0.065832;0.661636;10.024654;0
-0.078016;0.030508;0.664519;10.024654;0
-0.069775;0.010489;0.664519;10.024654;0
-0.059628;0.009905;0.667474;10.024654;0
-0.052680;0.014860;0.667474;10.024654;0
-0.046254;0.030955;0.670663;10.024654;0
-0.038120;0.068540;0.670663;10.024654;0
-0.032004;0.097088;0.674261;10.024654;0
-0.026369;0.110546;0.674261;10.024654;0
-0.020910;0.118872;0.678445;10.024654;0
-0.015784;0.125322;0.678445;10.024654;0
-0.009398;0.136670;0.683392;10.024654;0
-0.004680;0.145528;0.683392;10.024654;0
-0.000058;0.140000;0.689269;10.024654;0
0.004277;0.124300;0.689269;10.024654;0
0.010085;0.105940;0.696223;10.024654;0
0.014180;0.101774;0.696223;10.024654;0
0.018241;0.102155;0.696223;10.024654;0
0.022264;0.095866;0.704372;10.024654;0
0.026240;0.084835;0.704372;10.024654;0
0.030771;0.077703;0.713801;10.024654;0
0.034824;0.080887;0.713801;10.024654;0
0.038301;0.092573;0.724547;10.024654;0
0.041791;0.099756;0.724547;10.024654;0
0.045289;0.091867;0.736599;10.024654;0
0.050134;0.081572;0.736599;10.024654;0
0.054646;0.081392;0.749890;10.024654;0
0.059809;0.081192;0.749890;10.024654;0
0.066203;0.070879;0.764294;10.024654;0
0.074339;0.058269;0.764294;10.024654;0
-1.000000;0.063513;0.764294;10.024654;0
-1.000000;0.078637;0.779629;10.024654;0
-1.000000;0.090946;0.779629;10.024654;0
-1.000000;0.096293;0.795675;10.024654;0
-1.000000;0.099355;0.795675;10.024654;0
-1.000000;0.105061;0.795675;10.024654;0
-1.000000;0.115301;0.812197;10.024654;0
-1.000000;0.126214;0.812197;10.024654;0
-1.000000;0.129799;0.812197;10.024654;0
-1.000000;0.126275;0.828962;10.024654;0
-1.000000;0.123505;0.828962;10.024654;0
-1.000000;0.124319;0.828962;10.024654;0
-1.000000;0.128742;0.845741;10.024654;0
-1.000000;0.127725;0.845741;10.024654;0
-1.000000;0.120696;0.845741;10.024654;0
-1.000000;0.114260;0.862316;10.024654;0
-1.000000;0.115119;0.862316;10.024654;0
-0.990785;0.125647;0.862316;10.024654;0
-0.975001;0.137762;0.878487;10.024654;0
-0.958196;0.139392;0.878487;10.024654;0
-0.934066;0.137766;0.878487;10.024654;0
-0.915262;0.138689;0.878487;10.024654;0
-0.896313;0.143253;0.894071;10.024654;0
-0.877196;0.148820;0.894071;10.024654;0
-0.856737;0.145939;0.894071;10.024654;0
-0.830183;0.142129;0.908905;10.024654;0
-0.809346;0.143291;0.908905;10.024654;0
-0.788458;0.149955;0.908905;10.024654;0
-0.767340;0.155159;0.908905;10.024654;0
-0.746338;0.150934;0.922852;10.024654;0
-0.721725;0.144002;0.922852;10.024654;0
-0.697457;0.141238;0.922852;10.024654;0
-0.677155;0.145161;0.935794;10.024654;0
-0.656991;0.150079;0.935794;10.024654;0
-0.636895;0.144733;0.935794;10.024654;0
-0.610892;0.136747;0.935794;10.024654;0
-0.591709;0.136704;0.947638;10.024654;0
-0.572570;0.143451;0.947638;10.024654;0
-0.553998;0.148720;0.947638;10.024654;0
-0.535961;0.142731;0.947638;10.024654;0
-0.512064;0.134425;0.958313;10.024654;0
-0.494786;0.132981;0.958313;10.024654;0
-0.477656;0.138132;0.958313;10.024654;0
-0.461427;0.141320;0.967770;10.024654;0
-0.440096;0.132415;0.967770;10.024654;0
-0.424519;0.127816;0.967770;10.024654;0
-0.409419;0.128525;0.967770;10.024654;0
-0.394471;0.132294;0.975981;10.024654;0
-0.379877;0.124676;0.975981;10.024654;0
-0.366023;0.113041;0.975981;10.024654;0
-0.348271;0.106804;0.975981;10.024654;0
-0.335764;0.111155;0.982938;10.024654;0
-0.323375;0.118502;0.982938;10.024654;0
-0.311247;0.117945;0.982938;10.024654;0
-0.295813;0.109648;0.988652;10.024654;0
-0.284612;0.106904;0.988652;10.024654;0
-0.273965;0.111586;0.988652;10.024654;0
-0.263417;0.122239;0.988652;10.024654;0
-0.249636;0.125567;0.993149;10.024654;0
-0.239325;0.117951;0.993149;10.024654;0
-0.229707;0.110168;0.993149;10.024654;0
-0.220401;0.108037;0.993149;10.024654;0
-0.211346;0.108461;0.996471;10.024654;0
-0.202394;0.097786;0.996471;10.024654;0
-0.191109;0.085506;0.996471;10.024654;0
-0.183021;0.085722;0.998675;10.024654;0
-0.175034;0.093083;0.998675;10.024654;0
-0.167643;0.094815;0.998675;10.024654;0
-0.157744;0.085619;0.998675;10.024654;0
-0.150541;0.080966;0.998675;10.024654;0
-0.143588;0.083397;0.998675;10.024654;0
-0.136834;0.092792;0.998675;10.024654;0
-0.130173;0.098551;0.998675;10.024654;0
-0.123805;0.092846;0.999826;10.024654;0
-0.115502;0.088359;0.999826;10.024654;0
-0.109628;0.094288;0.999826;10.024654;0
-0.104005;0.104347;1.000000;10.024654;0
-0.098570;0.105686;1.000000;10.024654;0
-0.093020;0.099327;1.000000;10.024654;0
-0.086054;0.095177;1.000000;10.024654;0
-0.080996;0.101084;0.999278;10.024654;0
-0.076094;0.108002;0.999278;10.024654;0
-0.071452;0.101414;0.999278;10.024654;0
-0.067034;0.092177;0.999278;10.024654;0
-0.061439;0.088561;0.997747;10.024654;0
-0.057639;0.094355;0.997747;10.024654;0
-0.054039;0.099300;0.997747;10.024654;0
-0.050818;0.094464;0.992609;10.024654;0
-0.048132;0.089822;0.992609;10.024654;0
-0.045746;0.090627;0.992609;10.024654;0
-0.045008;0.100281;0.992609;10.024654;0
0.047327;0.088457;0.989178;10.024654;0
0.051668;0.085783;0.989178;10.024654;0
0.055532;0.077977;0.989178;10.024654;0
0.058777;0.077533;0.985271;10.024654;0
0.061988;0.089504;0.985271;10.024654;0
0.063791;0.101090;0.985271;10.024654;0
0.064912;0.101886;0.985271;10.024654;0
0.065459;0.102144;0.980931;10.024654;0
0.065459;0.107817;0.980931;10.024654;0
0.064716;0.126133;0.980931;10.024654;0
0.063683;0.139968;0.976177;10.024654;0
0.062366;0.139700;0.976177;10.024654;0
0.060755;0.135711;0.976177;10.024654;0
0.058958;0.133973;0.976177;10.024654;0
0.056330;0.139648;0.971009;10.024654;0
0.054288;0.137120;0.971009;10.024654;0
0.052268;0.130375;0.971009;10.024654;0
0.050346;0.128459;0.965413;10.024654;0
0.048442;0.134753;0.965413;10.024654;0
0.046019;0.154737;0.965413;10.024654;0
0.044323;0.167107;0.959372;10.024654;0
0.042790;0.163865;0.959372;10.024654;0
0.041410;0.158621;0.959372;10.024654;0
0.040207;0.157750;0.952867;10.024654;0
0.038784;0.166422;0.952867;10.024654;0
0.037873;0.168614;0.952867;10.024654;0
0.037117;0.156986;0.945888;10.024654;0
0.036502;0.145565;0.945888;10.024654;0
0.035976;0.139208;0.945888;10.024654;0
0.035417;0.147869;0.938431;10.024654;0
0.035099;0.156424;0.938431;10.024654;0
0.034885;0.149393;0.938431;10.024654;0
0.034729;0.141239;0.930512;10.024654;0
0.034605;0.141652;0.930512;10.024654;0
0.034503;0.149237;0.930512;10.024654;0
0.034469;0.140873;0.922162;10.024654;0
0.034441;0.133204;0.922162;10.024654;0
0.034386;0.132188;0.913438;10.024654;0
0.034294;0.136915;0.913438;10.024654;0
0.034114;0.153177;0.913438;10.024654;0
0.034018;0.159971;0.904417;10.024654;0
0.033951;0.149106;0.904417;10.024654;0
0.033892;0.136890;0.904417;10.024654;0
0.033777;0.131070;0.895204;10.024654;0
0.033713;0.126886;0.895204;10.024654;0
0.033778;0.109873;0.895204;10.024654;0
0.033917;0.067967;0.885928;10.024654;0
0.034137;0.023285;0.885928;10.024654;0
0.034430;-0.002459;0.885928;10.024654;0
0.034610;0.010650;0.876744;10.024654;0
0.034835;0.029600;0.876744;10.024654;0
0.035046;0.049675;0.876744;10.024654;0
0.035196;0.077860;0.867827;10.024654;0
0.035327;0.125534;0.867827;10.024654;0
0.035383;0.159751;0.859369;10.024654;0
0.035512;0.176495;0.859369;10.024654;0
0.035705;0.169361;0.851575;10.024654;0
0.035959;0.157383;0.851575;10.024654;0
0.036362;0.146429;0.844652;10.024654;0
0.036743;0.145981;0.844652;10.024654;0
0.037246;0.141829;0.844652;10.024654;0
0.037917;0.121990;0.838798;10.024654;0
0.038799;0.099260;0.838798;10.024654;0
0.040339;0.082911;0.834197;10.024654;0
0.041878;0.076182;0.834197;10.024654;0
0.043903;0.059877;0.830997;10.024654;0
0.046524;0.046169;0.830997;10.024654;0
0.049998;0.041007;0.829305;10.024654;0
0.518668;0.062572;0.829305;10.024654;0
0.524814;0.060437;0.829168;10.024654;0
0.530810;0.040636;0.829168;10.024654;0
0.537437;0.021991;0.830567;10.024654;0
0.546087;0.014882;0.830567;10.024654;0
0.552561;0.023804;0.833414;10.024654;0
0.558596;0.042539;0.833414;10.024654;0
0.564111;0.053139;0.837576;10.024654;0
0.570209;0.062332;0.837576;10.024654;0
0.573666;0.074526;0.842878;10.024654;0
0.575898;0.093386;0.842878;10.024654;0
0.576713;0.118737;0.849114;10.024654;0
0.575835;0.133969;0.849114;10.024654;0
0.572076;0.136153;0.856056;10.024654;0
0.567185;0.136314;0.856056;10.024654;0
0.560360;0.138622;0.863464;10.024654;0
0.551781;0.145238;0.863464;10.024654;0
0.541056;0.150644;0.863464;10.024654;0
0.524152;0.134588;0.871093;10.024654;0
0.509835;0.122770;0.871093;10.024654;0
0.493776;0.121811;0.878701;10.024654;0
0.476185;0.127124;0.878701;10.024654;0
0.457613;0.125066;0.886055;10.024654;0
0.431418;0.119291;0.886055;10.024654;0
0.410778;0.123311;0.892937;10.024654;0
0.388765;0.134345;0.892937;10.024654;0
0.366236;0.149544;0.899145;10.024654;0
0.337787;0.162583;0.899145;10.024654;0
0.309591;0.158364;0.899145;10.024654;0
0.284537;0.158335;0.904501;10.024654;0
0.260118;0.160650;0.904501;10.024654;0
0.235326;0.150836;0.908849;10.024654;0
0.202428;0.142057;0.908849;10.024654;0
0.178035;0.146071;0.912057;10.024654;0
0.154222;0.157164;0.912057;10.024654;0
0.130646;0.167725;0.912057;10.024654;0
0.099404;0.160045;0.914019;10.024654;0
0.076707;0.155070;0.914019;10.024654;0
0.054460;0.155633;0.914657;10.024654;0
0.032656;0.161046;0.914657;10.024654;0
0.011795;0.163616;0.914657;10.024654;0
-0.015425;0.144936;0.913918;10.024654;0
-0.035327;0.127677;0.913918;10.024654;0
-0.054375;0.117517;0.911777;10.024654;0
-0.073060;0.119868;0.911777;10.024654;0
-0.091799;0.135070;0.911777;10.024654;0
-0.115564;0.150663;0.908235;10.024654;0
-0.133240;0.142307;0.908235;10.024654;0
-0.150367;0.132556;0.903322;10.024654;0
-0.167460;0.129840;0.903322;10.024654;0
-0.184521;0.129510;0.897094;10.024654;0
-0.205985;0.111519;0.897094;10.024654;0
-0.222509;0.100110;0.897094;10.024654;0
-0.240310;0.096644;0.889636;10.024654;0
-0.263737;0.109806;0.889636;10.024654;0
-0.282228;0.131206;0.881061;10.024654;0
-0.301492;0.148114;0.881061;10.024654;0
-0.321114;0.142831;0.871511;10.024654;0
-0.342489;0.130553;0.871511;10.024654;0
-0.373842;0.124420;0.861155;10.024654;0
-0.400021;0.130773;0.861155;10.024654;0
-0.431166;0.133732;0.861155;10.024654;0
-0.466287;0.125859;0.850192;10.024654;0
0.549270;-0.047433;0.850192;10.024654;0
0.573589;-0.075194;0.838841;10.024654;0
0.599100;-0.102111;0.838841;10.024654;0
0.629145;-0.128782;0.838841;10.024654;0
0.663084;-0.136528;0.827310;10.024654;0
0.699044;-0.119446;0.827310;10.024654;0
0.746821;-0.063695;0.815799;10.024654;0
0.782314;-0.010532;0.815799;10.024654;0
0.816626;0.031596;0.815799;10.024654;0
0.849267;0.067460;0.804494;10.024654;0
0.879364;0.099260;0.804494;10.024654;0
0.907607;0.126952;0.804494;10.024654;0
0.940444;0.142446;0.793568;10.024654;0
0.961035;0.144634;0.793568;10.024654;0
0.978033;0.150358;0.793568;10.024654;0
0.990916;0.161964;0.783182;10.024654;0
0.999524;0.173009;0.783182;10.024654;0
1.000000;0.172382;0.773478;10.024654;0
1.000000;0.173497;0.773478;10.024654;0
0.996512;0.180414;0.773478;10.024654;0
0.986784;0.192813;0.764587;10.024654;0
0.967401;0.199908;0.764587;10.024654;0
0.947677;0.196336;0.764587;10.024654;0
0.925093;0.194394;0.756619;10.024654;0
0.900118;0.197623;0.756619;10.024654;0
0.872096;0.206910;0.756619;10.024654;0
0.832464;0.215710;0.749669;10.024654;0
0.798580;0.207298;0.749669;10.024654;0
0.765426;0.198981;0.743810;10.024654;0
0.729783;0.198018;0.743810;10.024654;0
0.694853;0.205225;0.743810;10.024654;0
0.659542;0.215057;0.739098;10.024654;0
0.611518;0.208891;0.739098;10.024654;0
0.576878;0.203485;0.735564;10.024654;0
0.543118;0.205677;0.735564;10.024654;0
0.509711;0.215312;0.735564;10.024654;0
0.477310;0.225750;0.733223;10.024654;0
0.437101;0.218650;0.733223;10.024654;0
0.407603;0.203519;0.732066;10.024654;0
0.380488;0.192558;0.732066;10.024654;0
0.355615;0.188373;0.732062;10.024654;0
0.332425;0.190688;0.732062;10.024654;0
0.310468;0.194173;0.732062;10.024654;0
0.283986;0.174618;0.733161;10.024654;0
0.266567;0.157959;0.733161;10.024654;0
0.250806;0.146428;0.735294;10.024654;0
0.236772;0.144696;0.735294;10.024654;0
0.219922;0.144915;0.738372;10.024654;0
0.208391;0.130012;0.738372;10.024654;0
0.198362;0.114342;0.742290;10.024654;0
0.189740;0.106257;0.742290;10.024654;0
0.181968;0.108852;0.746928;10.024654;0
0.172771;0.109805;0.746928;10.024654;0
0.166827;0.095102;0.752149;10.024654;0
0.161535;0.083278;0.752149;10.024654;0
0.156911;0.083902;0.752149;10.024654;0
0.152746;0.090803;0.757806;10.024654;0
0.148394;0.081816;0.757806;10.024654;0
0.145835;0.075499;0.763741;10.024654;0
0.143997;0.075515;0.763741;10.024654;0
0.143090;0.077374;0.769787;10.024654;0
0.455559;0.124143;0.769787;10.024654;0
0.446691;0.107040;0.775768;10.024654;0
0.439747;0.095079;0.775768;10.024654;0
0.432599;0.091561;0.781513;10.024654;0
0.425282;0.093724;0.781513;10.024654;0
0.417538;0.088281;0.786872;10.024654;0
0.409499;0.087019;0.786872;10.024654;0
0.400648;0.093593;0.791724;10.024654;0
0.388869;0.113172;0.791724;10.024654;0
0.379946;0.118594;0.791724;10.024654;0
0.370599;0.116582;0.795970;10.024654;0
0.361061;0.116945;0.795970;10.024654;0
0.351205;0.122596;0.799541;10.024654;0
0.337912;0.135579;0.799541;10.024654;0
0.327924;0.137034;0.802392;10.024654;0
0.318235;0.125497;0.802392;10.024654;0
0.308658;0.116569;0.804500;10.024654;0
0.299376;0.114342;0.804500;10.024654;0
0.290406;0.121793;0.804500;10.024654;0
0.279092;0.133089;0.805870;10.024654;0
0.271057;0.122008;0.805870;10.024654;0
0.263661;0.089709;0.806527;10.024654;0
0.256747;0.050850;0.806527;10.024654;0
0.248865;0.012111;0.806527;10.024654;0
0.243528;-0.008175;0.806521;10.024654;0
0.238689;-0.003625;0.806521;10.024654;0
0.234306;0.026283;0.805923;10.024654;0
0.230104;0.076928;0.805923;10.024654;0
0.225044;0.151291;0.804825;10.024654;0
0.221559;0.182593;0.804825;10.024654;0
0.218221;0.195995;0.803337;10.024654;0
0.214953;0.204837;0.803337;10.024654;0
0.211828;0.214137;0.801586;10.024654;0
0.208832;0.220038;0.801586;10.024654;0
0.205096;0.203987;0.799716;10.024654;0
0.202577;0.190227;0.799716;10.024654;0
0.200387;0.179857;0.799716;10.024654;0
0.198498;0.175549;0.797877;10.024654;0
0.196928;0.169135;0.797877;10.024654;0
0.195384;0.139989;0.796230;10.024654;0
0.194766;0.121321;0.796230;10.024654;0
0.194543;0.113264;0.794933;10.024654;0
0.194680;0.116250;0.794933;10.024654;0
0.195482;0.116783;0.794143;10.024654;0
0.196600;0.111220;0.794143;10.024654;0
0.198080;0.108639;0.794004;10.024654;0
0.200117;0.112611;0.794004;10.024654;0
0.202483;0.125196;0.794643;10.024654;0
0.205361;0.139380;0.794643;10.024654;0
0.209942;0.130985;0.796159;10.024654;0
0.214326;0.117611;0.796159;10.024654;0
0.219739;0.109709;0.798622;10.024654;0
0.226398;0.113536;0.798622;10.024654;0
0.234262;0.120101;0.802059;10.024654;0
0.248263;0.105406;0.802059;10.024654;0
0.262111;0.092897;0.806454;10.024654;0
0.280762;0.084272;0.806454;10.024654;0
0.999741;0.095649;0.811739;10.024654;0
1.000000;0.082886;0.811739;10.024654;0
1.000000;0.060974;0.811739;10.024654;0
1.000000;0.041880;0.817799;10.024654;0
1.000000;0.043124;0.817799;10.024654;0
1.000000;0.051615;0.824478;10.024654;0
1.000000;0.058192;0.824478;10.024654;0
1.000000;0.069806;0.824478;10.024654;0
1.000000;0.086588;0.831589;10.024654;0
1.000000;0.106293;0.831589;10.024654;0
1.000000;0.130975;0.838927;10.024654;0
1.000000;0.136550;0.838927;10.024654;0
1.000000;0.132674;0.838927;10.024654;0
1.000000;0.128784;0.846276;10.024654;0
1.000000;0.127419;0.846276;10.024654;0
1.000000;0.132324;0.846276;10.024654;0
1.000000;0.137129;0.853418;10.024654;0
1.000000;0.132190;0.853418;10.024654;0
1.000000;0.127582;0.853418;10.024654;0
1.000000;0.130972;0.853418;10.024654;0
0.991911;0.138657;0.853418;10.024654;0
0.975792;0.138125;0.860138;10.024654;0
0.958114;0.135078;0.860138;10.024654;0
0.932516;0.137351;0.860138;10.024654;0
0.910482;0.145209;0.866230;10.024654;0
0.887042;0.155441;0.866230;10.024654;0
0.862234;0.155997;0.866230;10.024654;0
0.836091;0.148618;0.866230;10.024654;0
0.798782;0.141015;0.871505;10.024654;0
0.769266;0.141144;0.871505;10.024654;0
0.739345;0.147109;0.871505;10.024654;0
0.708523;0.152078;0.875787;10.024654;0
0.676533;0.144534;0.875787;10.024654;0
0.634135;0.131194;0.875787;10.024654;0
0.601293;0.126877;0.875787;10.024654;0
0.569555;0.131031;0.878921;10.024654;0
0.537332;0.130326;0.878921;10.024654;0
0.505552;0.120188;0.878921;10.024654;0
0.474906;0.112238;0.880776;10.024654;0
0.434757;0.111803;0.880776;10.024654;0
0.405978;0.116667;0.880776;10.024654;0
0.377966;0.111827;0.880776;10.024654;0
0.350372;0.104242;0.881241;10.024654;0
0.315283;0.101375;0.881241;10.024654;0
0.288822;0.105909;0.881241;10.024654;0
0.263697;0.114396;0.880229;10.024654;0
0.240004;0.113444;0.880229;10.024654;0
0.218151;0.105088;0.880229;10.024654;0
0.189283;0.097196;0.877676;10.024654;0
0.168751;0.099024;0.877676;10.024654;0
0.149192;0.093108;0.877676;10.024654;0
0.130570;0.085366;0.873544;10.024654;0
0.107227;0.080840;0.873544;10.024654;0
0.089858;0.083239;0.867819;10.024654;0
0.073788;0.091281;0.867819;10.024654;0
0.059032;0.091004;0.867819;10.024654;0
0.044248;0.084300;0.867819;10.024654;0
0.025781;0.081850;0.860512;10.024654;0
0.012640;0.086701;0.860512;10.024654;0
0.000280;0.093579;0.860512;10.024654;0
-0.011853;0.091015;0.851658;10.024654;0
-0.022969;0.080689;0.851658;10.024654;0
-0.037547;0.071522;0.851658;10.024654;0
-0.047765;0.073578;0.841318;10.024654;0
-0.057721;0.084122;0.841318;10.024654;0
-0.066991;0.092832;0.841318;10.024654;0
-0.075842;0.086587;0.829579;10.024654;0
-0.086724;0.077154;0.829579;10.024654;0
-0.094200;0.076482;0.829579;10.024654;0
-0.101188;0.077591;0.829579;10.024654;0
-0.107708;0.070495;0.816553;10.024654;0
-0.115483;0.056766;0.816553;10.024654;0
-0.121014;0.055169;0.816553;10.024654;0
-0.125844;0.057094;0.802380;10.024654;0
-0.130237;0.053760;0.802380;10.024654;0
-0.134262;0.050569;0.802380;10.024654;0
-0.139276;0.058766;0.787226;10.024654;0
-0.142956;0.072366;0.787226;10.024654;0
-0.146822;0.082868;0.771286;10.024654;0
-0.151544;0.081765;0.771286;10.024654;0
-0.156896;0.082944;0.771286;10.024654;0
0.337701;0.066144;0.754785;10.024654;0
0.354499;0.053865;0.754785;10.024654;0
0.367449;0.047197;0.754785;10.024654;0
0.380309;0.048660;0.737967;10.024654;0
0.392909;0.054727;0.737967;10.024654;0
0.405728;0.054473;0.737967;10.024654;0
0.421774;0.059816;0.721078;10.024654;0
0.432863;0.070991;0.721078;10.024654;0
0.443835;0.086361;0.704354;10.024654;0
0.453909;0.099935;0.704354;10.024654;0
0.465366;0.097380;0.704354;10.024654;0
0.472996;0.093487;0.688019;10.024654;0
0.479547;0.094119;0.688019;10.024654;0
0.484812;0.102353;0.672288;10.024654;0
0.489125;0.115971;0.672288;10.024654;0
0.492788;0.116647;0.672288;10.024654;0
0.494268;0.110563;0.657361;10.024654;0
0.494742;0.109208;0.657361;10.024654;0
0.494261;0.116059;0.643428;10.024654;0
0.492752;0.116466;0.643428;10.024654;0
0.489571;0.107828;0.643428;10.024654;0
0.486233;0.107402;0.630660;10.024654;0
0.482357;0.114108;0.630660;10.024654;0
0.477954;0.118760;0.619213;10.024654;0
0.472860;0.112358;0.619213;10.024654;0
0.465660;0.105810;0.609224;10.024654;0
0.459874;0.109279;0.609224;10.024654;0
0.453946;0.119806;0.600805;10.024654;0
0.447694;0.131295;0.600805;10.024654;0
0.441258;0.130946;0.594048;10.024654;0
0.434916;0.126935;0.594048;10.024654;0
0.426375;0.125240;0.589016;10.024654;0
0.420162;0.131134;0.589016;10.024654;0
0.413892;0.142571;0.585746;10.024654;0
0.407762;0.149561;0.585746;10.024654;0
0.401729;0.139219;0.584248;10.024654;0
0.394086;0.121883;0.584248;10.024654;0
0.388484;0.118031;0.584502;10.024654;0
0.383396;0.118067;0.584502;10.024654;0
0.378842;0.111670;0.586465;10.024654;0
0.374719;0.104301;0.586465;10.024654;0
0.370758;0.102587;0.590066;10.024654;0
0.367048;0.107081;0.590066;10.024654;0
0.362706;0.104661;0.595216;10.024654;0
0.359767;0.095803;0.595216;10.024654;0
0.357221;0.091343;0.601803;10.024654;0
0.354930;0.094585;0.601803;10.024654;0
0.352150;0.111094;0.609704;10.024654;0
0.350303;0.120698;0.609704;10.024654;0
0.349005;0.111865;0.609704;10.024654;0
0.348598;0.082247;0.618781;10.024654;0
0.349434;0.049293;0.618781;10.024654;0
0.351545;0.030657;0.628884;10.024654;0
0.357073;0.017929;0.628884;10.024654;0
0.364062;0.018209;0.639861;10.024654;0
0.374295;0.033874;0.639861;10.024654;0
0.389420;0.054704;0.651550;10.024654;0
0.646584;0.077762;0.651550;10.024654;0
0.634298;0.083246;0.663787;10.024654;0
0.626091;0.090226;0.663787;10.024654;0
0.618510;0.092548;0.676411;10.024654;0
0.611856;0.093633;0.676411;10.024654;0
0.605991;0.101482;0.689273;10.024654;0
0.600658;0.117023;0.689273;10.024654;0
0.594106;0.140682;0.689273;10.024654;0
0.589428;0.147585;0.702250;10.024654;0
0.584803;0.155234;0.702250;10.024654;0
0.580083;0.167324;0.715236;10.024654;0
0.574987;0.178155;0.715236;10.024654;0
0.567049;0.173912;0.728140;10.024654;0
0.560130;0.168567;0.728140;10.024654;0
0.552404;0.166552;0.728140;10.024654;0
0.543261;0.171265;0.740891;10.024654;0
0.532780;0.178117;0.740891;10.024654;0
0.516796;0.175075;0.753432;10.024654;0
0.503140;0.172648;0.753432;10.024654;0
0.488499;0.171324;0.753432;10.024654;0
0.472751;0.160038;0.765717;10.024654;0
0.455866;0.149447;0.765717;10.024654;0
0.432791;0.150756;0.777713;10.024654;0
0.414466;0.164812;0.777713;10.024654;0
0.395420;0.184070;0.777713;10.024654;0
0.375359;0.191972;0.789400;10.024654;0
0.355669;0.185603;0.789400;10.024654;0
0.328424;0.175265;0.800763;10.024654;0
0.308467;0.175772;0.800763;10.024654;0
0.288303;0.183054;0.800763;10.024654;0
0.268722;0.186855;0.811799;10.024654;0
0.249629;0.173730;0.811799;10.024654;0
0.225150;0.157242;0.822510;10.024654;0
0.207651;0.156463;0.822510;10.024654;0
0.190812;0.160816;0.832901;10.024654;0
0.174769;0.155267;0.832901;10.024654;0
0.159255;0.149393;0.832901;10.024654;0
0.139986;0.153114;0.842986;10.024654;0
0.126408;0.159288;0.842986;10.024654;0
0.113847;0.153461;0.852775;10.024654;0
0.101970;0.147891;0.852775;10.024654;0
0.086677;0.153094;0.862283;10.024654;0
0.075912;0.156981;0.862283;10.024654;0
0.065606;0.146700;0.862283;10.024654;0
0.055839;0.136363;0.871522;10.024654;0
0.046955;0.135774;0.871522;10.024654;0
0.035066;0.147549;0.880501;10.024654;0
0.026357;0.156837;0.880501;10.024654;0
0.018049;0.147963;0.889225;10.024654;0
0.010034;0.133440;0.889225;10.024654;0
0.002196;0.121934;0.889225;10.024654;0
-0.006420;0.114906;0.897693;10.024654;0
-0.015118;0.094779;0.897693;10.024654;0
-0.022404;0.078188;0.905898;10.024654;0
-0.029553;0.071615;0.905898;10.024654;0
-0.036861;0.077979;0.905898;10.024654;0
-0.044179;0.092330;0.913821;10.024654;0
-0.053661;0.096441;0.913821;10.024654;0
-0.061115;0.096159;0.921436;10.024654;0
-0.068558;0.102213;0.921436;10.024654;0
-0.076490;0.114801;0.928704;10.024654;0
-0.084705;0.118821;0.928704;10.024654;0
-0.096769;0.104414;0.928704;10.024654;0
-0.107886;0.091819;0.935575;10.024654;0
0.104013;0.085272;0.935575;10.024654;0
0.107511;0.067855;0.941990;10.024654;0
0.111807;0.028366;0.941990;10.024654;0
0.116894;-0.004755;0.941990;10.024654;0
0.125063;-0.020250;0.947877;10.024654;0
0.132263;-0.010831;0.947877;10.024654;0
0.140202;0.007275;0.953162;10.024654;0
0.148555;0.017656;0.953162;10.024654;0
0.160535;0.032824;0.953162;10.024654;0
0.169936;0.048945;0.957767;10.024654;0
0.179148;0.068711;0.957767;10.024654;0
0.188774;0.083928;0.957767;10.024654;0
0.198281;0.081014;0.961618;10.024654;0
0.210498;0.078172;0.961618;10.024654;0
0.219273;0.085315;0.961618;10.024654;0
0.227658;0.089823;0.964643;10.024654;0
0.235504;0.082542;0.964643;10.024654;0
0.242935;0.078679;0.964643;10.024654;0
0.251762;0.087605;0.966781;10.024654;0
0.257579;0.093401;0.966781;10.024654;0
0.262606;0.087302;0.967978;10.024654;0
0.267088;0.083009;0.967978;10.024654;0
0.271983;0.090706;0.967978;10.024654;0
0.275055;0.104523;0.968195;10.024654;0
0.277399;0.114746;0.968195;10.024654;0
0.279188;0.110354;0.968195;10.024654;0
0.280450;0.104637;0.967403;10.024654;0
0.281286;0.104909;0.967403;10.024654;0
0.281770;0.118881;0.967403;10.024654;0
0.281736;0.131935;0.965591;10.024654;0
0.281386;0.133007;0.965591;10.024654;0
0.280746;0.127035;0.965591;10.024654;0
0.279651;0.125312;0.962762;10.024654;0
0.278633;0.130841;0.962762;10.024654;0
0.277519;0.141509;0.962762;10.024654;0
0.276248;0.143504;0.958939;10.024654;0
0.274875;0.135045;0.958939;10.024654;0
0.273507;0.127753;0.958939;10.024654;0
0.271888;0.130284;0.954158;10.024654;0
0.270703;0.143103;0.954158;10.024654;0
0.269615;0.157567;0.954158;10.024654;0
0.268576;0.159049;0.922162;10.024654;0
0.267254;0.146182;0.913438;10.024654;0
0.266503;0.143085;0.913438;10.024654;0
0.265879;0.148300;0.913438;10.024654;0
0.265389;0.157331;0.913438;10.024654;0
0.264857;0.155206;0.913438;10.024654;0
0.264661;0.144512;0.913438;10.024654;0
0.264709;0.137884;0.913438;10.024654;0
0.264988;0.137382;0.934717;10.024654;0
0.265508;0.140756;0.926836;10.024654;0
0.266564;0.128009;0.926836;10.024654;0
0.267736;0.118647;0.918442;10.024654;0
0.269270;0.116180;0.918442;10.024654;0
0.271137;0.122847;0.918442;10.024654;0
0.273294;0.135644;0.909667;10.024654;0
0.275860;0.140924;0.909667;10.024654;0
0.279930;0.136689;0.900652;10.024654;0
0.283618;0.136254;0.900652;10.024654;0
0.287956;0.141058;0.891546;10.024654;0
0.292763;0.151811;0.891546;10.024654;0
0.298140;0.160856;0.891546;10.024654;0
0.306875;0.144430;0.882497;10.024654;0
0.315024;0.132519;0.882497;10.024654;0
0.324514;0.129005;0.873651;10.024654;0
0.335750;0.136571;0.865144;10.024654;0
0.349461;0.141237;0.865144;10.024654;0
0.366957;0.138305;0.865144;10.024654;0
0.396028;0.136843;0.857099;10.024654;0
0.425565;0.143383;0.857099;10.024654;0
-0.723488;-0.038596;0.849613;10.024654;0
-0.751719;-0.055030;0.849613;10.024654;0
-0.781040;-0.073737;0.842758;10.024654;0
-0.822299;-0.081918;0.842758;10.024654;0
-0.855565;-0.070207;0.842758;10.024654;0
-0.888866;-0.045548;0.836575;10.024654;0
-0.921644;-0.022241;0.836575;10.024654;0
-0.954560;-0.003806;0.836575;10.024654;0
-0.997166;0.021213;0.831076;10.024654;0
-1.000000;0.041508;0.831076;10.024654;0
-1.000000;0.059074;0.831076;10.024654;0
-1.000000;0.064751;0.826248;10.024654;0
-1.000000;0.067996;0.826248;10.024654;0
-1.000000;0.077782;0.826248;10.024654;0
-1.000000;0.090067;0.822053;10.024654;0
-1.000000;0.100074;0.822053;10.024654;0
-1.000000;0.100995;0.822053;10.024654;0
-1.000000;0.102185;0.818430;10.024654;0
-1.000000;0.108761;0.818430;10.024654;0
-1.000000;0.119232;0.818430;10.024654;0
-1.000000;0.132797;0.818430;10.024654;0
-1.000000;0.143577;0.818430;10.024654;0
-1.000000;0.142528;0.815302;10.024654;0
-1.000000;0.139922;0.815302;10.024654;0
-1.000000;0.140637;0.815302;10.024654;0
-1.000000;0.143263;0.815302;10.024654;0
-1.000000;0.130423;0.812579;10.024654;0
-1.000000;0.108793;0.812579;10.024654;0
-1.000000;0.092154;0.812579;10.024654;0
-1.000000;0.098202;0.812579;10.024654;0
-1.000000;0.117782;0.810160;10.024654;0
-1.000000;0.140985;0.810160;10.024654;0
-0.972065;0.162123;0.810160;10.024654;0
-0.942759;0.178222;0.807938;10.024654;0
-0.912790;0.195872;0.807938;10.024654;0
-0.881104;0.214566;0.807938;10.024654;0
-0.848692;0.225961;0.807938;10.024654;0
-0.815135;0.222664;0.805802;10.024654;0
-0.769655;0.211829;0.805802;10.024654;0
-0.735172;0.207254;0.805802;10.024654;0
-0.701432;0.202039;0.803644;10.024654;0
-0.668001;0.188518;0.803644;10.024654;0
-0.634726;0.176664;0.803644;10.024654;0
-0.591706;0.171128;0.803644;10.024654;0
-0.561001;0.173458;0.801357;10.024654;0
-0.531113;0.168866;0.801357;10.024654;0
-0.502310;0.156975;0.801357;10.024654;0
-0.467163;0.144185;0.798843;10.024654;0
-0.440839;0.143654;0.798843;10.024654;0
-0.417045;0.150619;0.798843;10.024654;0
-0.393841;0.155655;0.796008;10.024654;0
-0.364818;0.144502;0.796008;10.024654;0
-0.344420;0.136518;0.796008;10.024654;0
-0.324544;0.134669;0.792772;10.024654;0
-0.305839;0.136111;0.792772;10.024654;0
-0.288891;0.127836;0.792772;10.024654;0
-0.267551;0.117081;0.792772;10.024654;0
-0.252809;0.118230;0.789062;10.024654;0
-0.238942;0.126251;0.789062;10.024654;0
-0.225621;0.137312;0.789062;10.024654;0
-0.213222;0.144408;0.784823;10.024654;0
-0.197653;0.131805;0.784823;10.024654;0
-0.186809;0.121040;0.784823;10.024654;0
-0.176403;0.113523;0.780008;10.024654;0
-0.166724;0.112381;0.780008;10.024654;0
-0.157325;0.113419;0.780008;10.024654;0
-0.145518;0.098481;0.774588;10.024654;0
-0.137369;0.087529;0.774588;10.024654;0
-0.129498;0.083091;0.768549;10.024654;0
-0.122385;0.086284;0.768549;10.024654;0
-0.115169;0.093215;0.761891;10.024654;0
-0.106263;0.089539;0.761891;10.024654;0
-0.099901;0.089651;0.761891;10.024654;0
-0.093886;0.094299;0.754634;10.024654;0
-0.088159;0.105012;0.754634;10.024654;0
-0.082885;0.116662;0.754634;10.024654;0
-0.076811;0.109642;0.746813;10.024654;0
-0.073204;0.101607;0.746813;10.024654;0
-0.070714;0.101486;0.746813;10.024654;0
-0.069765;0.110387;0.738487;10.024654;0
-0.172931;0.099054;0.738487;10.024654;0
-0.168416;0.091702;0.729730;10.024654;0
-0.165977;0.078364;0.729730;10.024654;0
-0.164542;0.073143;0.729730;10.024654;0
-0.164001;0.079533;0.720634;10.024654;0
-0.164342;0.086210;0.720634;10.024654;0
-0.165295;0.087812;0.720634;10.024654;0
-0.166705;0.093774;0.711300;10.024654;0
-0.168380;0.105387;0.711300;10.024654;0
-0.170098;0.123540;0.701835;10.024654;0
-0.172022;0.133853;0.701835;10.024654;0
-0.173112;0.136382;0.701835;10.024654;0
-0.173728;0.140105;0.692359;10.024654;0
-0.173731;0.149916;0.692359;10.024654;0
-0.172412;0.162088;0.682996;10.024654;0
-0.170373;0.156183;0.682996;10.024654;0
-0.167429;0.148671;0.682996;10.024654;0
-0.163543;0.146408;0.673883;10.024654;0
-0.158748;0.152101;0.673883;10.024654;0
-0.151173;0.166205;0.665158;10.024654;0
-0.144681;0.173755;0.665158;10.024654;0
-0.137180;0.167000;0.656970;10.024654;0
-0.128917;0.159178;0.656970;10.024654;0
-0.117417;0.159611;0.649469;10.024654;0
-0.108377;0.168685;0.649469;10.024654;0
-0.098958;0.175541;0.642807;10.024654;0
-0.088921;0.164101;0.642807;10.024654;0
-0.076119;0.144592;0.637133;10.024654;0
-0.065994;0.136746;0.637133;10.024654;0
-0.055935;0.138918;0.632590;10.024654;0
-0.046326;0.147110;0.629307;10.024654;0
-0.036495;0.152016;0.629307;10.024654;0
-0.026870;0.139705;0.627399;10.024654;0
-0.014454;0.122257;0.627399;10.024654;0
-0.005632;0.118357;0.626958;10.024654;0
0.002786;0.122620;0.628045;10.024654;0
0.011267;0.116279;0.628045;10.024654;0
0.019474;0.107582;0.630691;10.024654;0
0.029733;0.104957;0.634891;10.024654;0
0.037383;0.110357;0.634891;10.024654;0
0.044771;0.107875;0.640598;10.024654;0
0.052071;0.098581;0.647728;10.024654;0
0.059450;0.093345;0.647728;10.024654;0
0.069186;0.099665;0.656157;10.024654;0
0.076590;0.114382;0.665720;10.024654;0
0.084138;0.119282;0.665720;10.024654;0
0.092265;0.111966;0.676221;10.024654;0
0.104192;0.104936;0.676221;10.024654;0
0.114403;0.106968;0.687426;10.024654;0
0.125947;0.104731;0.699076;10.024654;0
-0.861634;0.025179;0.699076;10.024654;0
-0.877024;-0.001925;0.710886;10.024654;0
-0.898972;-0.026196;0.710886;10.024654;0
-0.917498;-0.028010;0.722568;10.024654;0
-0.938099;-0.019700;0.722568;10.024654;0
-0.959705;-0.011198;0.733852;10.024654;0
-0.987539;0.010225;0.733852;10.024654;0
-1.000000;0.036198;0.733852;10.024654;0
-1.000000;0.066040;0.744488;10.024654;0
-1.000000;0.093791;0.744488;10.024654;0
-1.000000;0.113175;0.754251;10.024654;0
-1.000000;0.116866;0.754251;10.024654;0
-1.000000;0.120575;0.754251;10.024654;0
-1.000000;0.127504;0.762938;10.024654;0
-1.000000;0.136885;0.762938;10.024654;0
-1.000000;0.138973;0.762938;10.024654;0
-1.000000;0.139779;0.770373;10.024654;0
-1.000000;0.144009;0.770373;10.024654;0
-1.000000;0.151721;0.770373;10.024654;0
-1.000000;0.152510;0.770373;10.024654;0
-1.000000;0.151066;0.770373;10.024654;0
-1.000000;0.152718;0.776406;10.024654;0
-1.000000;0.158012;0.776406;10.024654;0
-1.000000;0.162177;0.776406;10.024654;0
-1.000000;0.156952;0.780913;10.024654;0
-1.000000;0.150524;0.780913;10.024654;0
-1.000000;0.152358;0.780913;10.024654;0
-0.981507;0.160602;0.783795;10.024654;0
-0.953992;0.166056;0.783795;10.024654;0
-0.925445;0.166265;0.783795;10.024654;0
-0.891505;0.166823;0.784978;10.024654;0
-0.854308;0.174070;0.784978;10.024654;0
-0.822933;0.186147;0.784978;10.024654;0
-0.790848;0.196194;0.784413;10.024654;0
-0.757569;0.191919;0.784413;10.024654;0
-0.724300;0.184891;0.784413;10.024654;0
-0.681008;0.184468;0.782077;10.024654;0
-0.649629;0.185291;0.782077;10.024654;0
-0.618706;0.176140;0.782077;10.024654;0
