479.801473;455.312512;440.560644;448.653446
469.184012;454.550227;450.549666;449.646087
457.198287;453.777282;463.166145;451.092857
451.840338;453.461193;468.632659;451.486237
452.978584;453.961405;467.216061;451.648814
470.801200;457.371624;443.802350;451.400523
452.728996;455.966738;462.327921;452.949480
451.743616;456.257941;463.103624;453.618150
452.243679;456.778619;462.497993;454.008562
452.497130;457.263736;462.099403;454.457806
471.390616;460.171480;437.494285;454.380034
455.156917;459.165785;454.728884;455.714282
450.737289;459.148762;459.180340;456.292801
449.243203;459.313656;460.759201;456.619158
450.631675;459.698810;459.436463;456.770841
474.216900;462.008280;430.491603;456.119526
456.767303;460.783237;449.406986;456.956221
460.920652;462.273313;441.378749;457.901990
444.554760;461.494830;459.360948;458.763916
438.444337;460.827938;465.993319;458.602849
438.971354;460.676347;466.723937;458.424447
443.666861;461.232580;461.780894;458.604587
446.607740;461.147828;460.342670;458.323635
448.017764;461.231869;460.658940;458.098192
451.445667;461.352886;458.729545;457.918463
457.302752;461.346800;450.955912;457.729065
455.439109;460.960731;453.819207;457.654221
452.280478;460.748029;457.785410;457.713755
452.240007;460.704095;458.475934;457.655961
454.622808;460.766935;456.380263;457.491361
466.546491;460.496604;441.165778;456.732679
453.473418;460.491465;455.462525;457.167726
448.643204;460.573773;460.736313;457.410982
449.040944;460.779244;460.592683;457.431286
449.280987;461.088281;460.671417;457.576724
460.183228;460.857814;447.512892;457.359526
451.823590;461.252800;456.333157;457.655571
450.044872;461.575172;458.484289;458.028125
446.716671;461.677461;462.222683;458.704030
449.347407;461.679056;460.390207;459.003449
450.717637;461.597177;459.348660;459.289078
454.804442;460.405551;454.225853;458.977013
450.160457;460.117329;460.034709;459.008725
451.641337;459.655560;459.941130;458.443011
453.675196;459.114502;459.946046;457.578654
462.851861;458.474951;450.530070;455.831496
454.825349;456.528653;461.571003;455.683044
456.909241;455.440471;462.649555;454.331288
458.568578;453.168650;465.008855;453.450814
458.524969;453.145381;469.653859;449.622870
463.691088;453.859857;465.990413;446.453002
462.784897;452.350323;470.392669;444.975406
461.777829;450.071850;474.970330;444.278184
463.408447;448.038038;476.513654;443.799920
468.471112;447.572195;472.536602;443.697509
479.932709;449.562342;458.423226;442.560486
468.364408;446.012095;472.718582;444.001945
468.274934;446.026841;472.603755;444.250010
467.997529;445.814420;473.653951;444.175120
467.994124;445.763404;474.188446;444.149630
476.696720;449.934074;460.240654;443.728806
468.490419;449.037416;468.139086;445.278270
463.370014;448.118734;473.748147;446.234805
460.120719;447.110152;477.953328;446.772500
462.795111;447.550586;475.705617;446.747600
482.015805;455.773270;447.895496;445.307860
466.926161;452.215518;464.350489;448.046750
463.852997;451.620057;467.380599;449.104323
462.485632;452.058878;468.048307;449.802474
461.756575;452.172559;468.861488;450.180627
461.480401;451.980069;469.780363;450.381018
465.342533;456.278326;458.322223;451.428470
459.930829;454.865232;464.690512;452.501820
458.382931;454.656289;466.596789;452.868710
457.888611;454.287859;468.108198;452.975804
458.167325;454.324562;468.083957;453.186225
458.620443;457.598850;460.023226;454.556849
457.454312;457.433047;461.372663;455.058918
455.084711;456.990424;464.462824;455.362378
455.146706;456.771324;465.237976;455.295069
456.549309;456.872956;464.526083;455.073349
456.892639;459.697343;457.814906;456.291003
454.023580;458.643185;461.744415;456.783190
452.268428;457.954724;464.617837;456.893910
454.649386;458.303301;462.765026;456.448313
455.997657;458.445770;461.885771;456.191761
454.123317;460.093361;458.570028;457.437100
453.882629;459.726100;459.545823;457.420116
452.029319;459.220083;462.371993;457.458937
452.835806;458.995325;462.665772;457.172412
454.242613;459.221482;461.444754;457.027987
451.426511;459.995206;460.132383;457.924078
452.787299;459.824067;459.526987;457.772695
452.377829;459.677501;460.872385;457.587261
453.879440;459.857975;459.906207;457.336597
457.723571;461.922753;451.117204;457.754937
451.259075;460.622736;459.447677;458.158711
449.266907;459.863603;462.761487;458.074013
451.338531;459.900613;461.497118;457.757174
453.741668;459.839706;460.423348;457.154231
463.544287;462.263124;444.778277;457.176196
453.603336;460.458287;456.759876;457.773960
451.523073;460.025633;460.074430;457.717571
449.852163;459.370791;463.547952;457.497257
453.669348;459.666990;460.295573;457.085692
465.290289;461.623199;444.395486;456.670650
455.899204;460.500852;455.386532;457.153533
452.952337;460.006361;459.032347;457.361942
450.440131;459.510115;462.780995;457.339035
452.299798;459.560219;461.563805;457.011023
459.702088;461.106645;450.072543;456.933178
451.152919;460.066562;460.429061;457.355320
450.546901;459.735426;462.082483;457.195972
450.937609;459.603668;462.596574;457.085769
464.579408;461.303482;445.359026;456.804956
455.651322;460.479223;455.445696;457.123908
452.325112;460.001078;459.699262;457.310864
450.356221;459.702548;462.789539;457.235599
452.126129;459.727333;461.880538;457.081409
470.721456;461.401127;439.073035;456.348665
452.837650;460.027468;458.534308;457.015672
450.463360;459.750990;461.988866;457.149028
450.727370;459.647360;462.585367;457.056487
453.155503;459.851454;460.918235;456.929383
463.644004;460.680194;446.769012;456.485924
454.355053;460.109955;457.272097;457.011518
451.713868;460.021211;460.755662;457.107288
450.044124;459.898266;463.509172;457.188002
454.904907;460.098530;459.172453;457.022866
457.117331;460.640082;454.114944;456.931114
451.767420;460.533645;460.308042;457.138653
450.767807;460.631009;461.621629;457.159849
451.260433;460.904252;461.384487;457.198317
469.065675;461.504257;440.760650;456.996812
454.271392;461.388778;455.577971;457.414115
452.076885;461.700522;457.651088;457.824069
449.254863;462.090680;460.075593;458.251723
449.580848;462.397918;459.566778;458.685484
451.899691;462.901709;456.473114;459.174204
462.136824;462.257603;442.993401;459.319423
446.055621;462.432291;458.027003;461.287012
445.609652;462.558558;458.133396;461.848793
446.476822;463.036123;457.992280;461.498030
466.438205;462.518546;436.918099;461.010524
455.116680;462.720295;448.967814;460.215576
448.731242;463.393415;456.302113;460.005905
446.899844;463.568120;459.192017;459.656393
448.350209;463.526791;458.994078;459.320155
451.876585;462.994872;456.805952;458.935007
457.074441;461.463551;450.627827;457.669615
453.682679;461.298516;455.286581;457.532103
451.192640;460.985093;459.100813;457.372563
450.284958;460.829212;461.023611;457.254957
462.234174;459.296325;448.565538;456.131208
452.742988;459.402906;459.242823;456.088099
450.508626;459.425854;462.388248;455.999997
449.620069;459.655722;464.300386;456.124199
453.496984;459.539153;461.137686;456.064190
453.737543;459.712321;461.790994;456.210348
459.116897;458.287777;454.630055;454.849861
455.221844;458.672240;459.147722;455.095056
450.540400;459.062932;464.297649;455.370093
453.610771;459.107153;461.406558;455.386208
454.700839;459.302969;460.525162;455.544581
455.530444;458.392949;457.872320;454.633515
453.651881;458.710705;459.853277;454.822091
449.091878;459.107418;464.577826;455.179504
448.588143;459.680742;465.499186;455.728719
453.287815;459.804554;460.898981;455.841996
462.012311;458.340200;449.463689;454.517681
451.089464;459.348932;461.321507;455.418030
445.560960;459.941404;467.090612;455.847893
451.896741;460.082089;461.029409;456.066885
460.858310;458.653476;449.547335;454.751100
449.997268;459.711472;461.484012;455.610761
451.208351;459.875601;460.499355;455.758673
450.867308;460.133053;461.167999;455.982339
451.419382;460.466751;461.183041;456.263588
451.800621;460.724749;461.054843;456.523351
457.225624;459.270349;453.198546;455.180342
450.044074;459.873780;460.971050;455.584660
450.992485;459.897856;460.213698;455.604218
450.589006;460.113773;461.107801;455.822753
465.561019;458.716793;443.366234;454.705393
466.818144;458.073236;441.483903;454.306824
445.081609;459.174299;464.240575;455.139252
436.243728;459.663249;472.533466;455.101744
437.936980;460.089198;471.602611;455.635729
463.692761;459.939443;446.832995;456.004480
449.049231;460.352068;461.665341;456.176339
447.850507;460.965546;463.919428;456.665656
454.280089;461.148035;458.462288;456.972126
456.410307;461.323946;456.903014;457.097647
456.043066;461.334962;457.177475;457.144589
463.023200;459.312167;447.102793;455.362722
454.142705;460.010583;456.857636;455.805902
451.236342;460.091330;459.763406;455.749295
450.101826;460.331530;461.279804;455.917442
452.256286;460.340106;459.189980;455.902898
456.794548;459.038825;452.731926;454.889375
451.079030;459.232953;458.696821;455.208716
444.485062;459.634757;465.331374;455.575825
449.560446;459.658306;460.734172;455.735115
453.913030;458.900587;455.553347;455.164438
449.468049;458.982004;460.592650;455.466873
452.045352;458.876578;458.761117;455.567902
452.249475;458.720675;459.222514;455.612476
487.062177;458.031458;421.826315;454.102984
453.715182;462.495431;457.971465;450.271794
450.516287;463.486725;460.215462;450.515784
446.643408;464.268836;462.667233;452.249494
445.084335;464.730456;462.317426;455.178357
445.692042;464.919174;459.521444;458.753742
460.126496;462.292612;445.212552;461.486875
443.655968;465.608489;456.176044;464.124147
440.550374;467.658494;456.012391;466.232224
439.202500;470.071856;454.258161;467.989548
441.561152;471.953210;449.297955;469.677819
463.260849;466.937721;429.205713;470.554804
444.574339;472.352375;444.023505;469.955367
441.516688;474.005100;445.417451;470.413906
438.701229;475.554854;446.902254;470.792063
438.437359;476.180408;447.061388;471.113080
467.294642;467.426817;421.994303;472.296402
444.199875;472.266698;444.549968;469.827652
437.635473;474.168104;450.569529;469.170110
436.602129;474.749196;452.012473;469.104297
437.335796;475.184472;451.236626;469.654541
457.063698;466.175297;439.019370;467.941663
440.088441;471.049126;454.197239;466.260256
441.936646;470.916388;453.906326;465.941924
445.075812;470.196257;453.066393;465.648207
445.619477;470.148899;454.093705;465.367452
475.111711;459.363166;431.009999;463.978360
451.101177;464.225405;455.239808;461.266351
446.445712;466.136419;460.293351;460.820957
474.695178;457.054467;438.062665;459.602500
462.426308;458.425869;451.363166;457.496137
449.261958;461.950869;465.012957;456.417043
452.202594;461.198886;463.600933;456.233839
453.091159;461.128356;464.003524;456.155074
455.707896;460.665552;462.822787;456.117701
458.566195;456.611711;463.322906;453.119699
458.033204;457.060477;464.126234;452.826303
457.068281;457.178252;465.615085;452.750884
456.481757;457.298411;466.774203;452.838126
482.910993;450.573901;442.477770;450.720157
467.136024;452.544184;457.694431;450.047639
460.702228;453.397939;465.000624;449.458508
456.109452;454.307200;469.277661;449.814234
451.564829;455.500393;473.331308;450.615221
457.037546;455.338942;468.285723;451.077925
488.354377;451.030186;436.095449;448.935293
463.891641;452.605834;461.487609;449.262233
457.382262;453.369160;468.260547;449.702192
457.854825;453.306004;467.958092;449.796276
482.253998;451.352520;443.088260;447.581801
467.940115;451.714937;457.462067;448.146959
457.476488;451.735026;467.749782;448.644646
456.602524;451.257344;471.595679;448.730143
456.563549;450.646371;473.704215;448.748646
459.656366;449.554190;473.354992;448.556623
491.379633;452.539128;437.405674;443.247905
470.593807;450.140704;462.008817;444.270416
464.731619;449.109994;470.669689;444.102532
461.396343;447.476018;477.185840;443.798868
465.968692;447.643920;473.992478;443.166871
466.590975;446.155545;475.588576;443.322235
470.352414;446.383641;469.659384;443.006744
471.385417;443.687655;472.377189;444.210450
479.466300;441.076884;467.647114;445.652325
488.263786;459.228395;450.839000;429.452357
470.992261;457.214293;467.582377;432.349351
458.181483;459.853652;478.094062;431.954758
452.513114;459.094346;478.706015;439.202503
449.210637;458.811891;475.403263;448.225618
452.709752;459.799950;464.558362;456.952968
452.148212;461.388827;453.473992;466.237844
445.434474;464.818956;451.594825;471.574160
441.916968;469.978129;447.749946;473.877334
439.717256;474.358787;442.044219;477.183980
450.678619;473.041195;426.769491;479.003882
427.757955;482.940877;436.868185;481.787297
421.076755;487.818703;436.719392;483.793489
421.524387;490.579577;431.635680;485.774263
422.247183;492.600699;427.401203;487.454757
423.010418;490.656801;427.883520;486.463871
418.062442;493.552687;430.182302;487.211939
419.820045;493.563730;428.081792;488.222435
419.941543;494.124720;428.265248;488.705086
439.796711;483.448481;418.083802;487.681274
428.692422;486.583899;431.512885;484.089184
426.192774;487.627183;435.715943;483.028341
427.070154;486.990587;438.208583;481.736243
427.929534;486.506926;440.708863;480.551092
462.967457;469.250690;420.919722;478.439756
444.177172;473.295879;443.525217;472.742391
439.948309;474.885097;451.112477;469.479042
439.112962;474.558899;455.294260;467.671217
445.310107;471.567585;454.232814;466.290064
447.818411;470.262517;455.334909;465.154397
460.300209;460.487247;452.533534;459.864231
452.888804;462.421032;463.636357;456.804824
451.553831;462.662479;466.813152;455.758033
457.493085;460.326431;463.589977;455.596312
460.188424;458.868683;463.323452;454.911152
478.911749;447.635564;451.131361;450.867552
462.502377;452.121872;468.783976;448.164653
460.921061;453.188129;469.974900;448.062687
461.397362;452.582716;471.196415;447.223484
460.418422;453.877447;470.771125;448.381611
491.653514;443.510780;444.008702;446.386287
466.533585;449.118954;467.490267;445.375380
464.210861;450.408973;468.875806;445.722439
458.756980;452.723071;471.425124;447.062362
457.350312;454.063884;470.839643;448.464828
486.421283;447.080523;443.384125;448.068138
465.141642;451.237868;462.465802;448.027162
459.474283;453.353060;466.120592;448.787694
452.973561;455.668089;469.872583;450.008646
453.529052;457.237668;466.524543;451.906669
480.727987;451.941972;439.887159;451.951409
464.652197;454.484717;454.266248;451.591388
451.036809;458.049558;464.910305;452.657487
446.626942;460.250319;466.238067;454.382079
477.091443;455.389849;436.869219;454.861557
452.725564;459.240160;459.110538;454.535441
451.481926;460.473913;459.012760;455.237681
451.506489;461.420693;457.791701;456.069923
450.290415;462.778519;457.639399;456.765364
465.468185;458.739029;443.713622;456.236064
455.853239;462.614653;450.530094;455.337529
446.929858;462.362695;458.196096;458.342889
445.062271;462.985673;459.008389;459.866559
442.706965;464.108999;460.247017;461.131701
453.810865;461.208403;452.122599;460.241323
446.668938;463.336019;457.771468;460.639542
448.154599;464.249764;456.870082;460.363643
446.440565;465.475432;458.487586;460.468072
469.461365;460.910230;438.692854;459.662121
451.604228;463.656464;456.024462;458.497719
450.413006;463.737184;457.849921;458.342061
450.390277;463.727764;458.661979;458.345067
452.074467;463.278575;458.059721;458.327775
476.850132;457.953725;435.548321;457.342884
454.914427;459.945163;457.918870;456.213690
451.727292;460.601141;461.336033;456.091197
451.072546;460.582569;462.659830;456.043772
448.122164;461.420824;465.815815;456.385816
480.803158;455.976243;435.305041;455.421029
459.502989;457.933082;457.129103;454.647265
470.983838;454.926046;447.659626;452.853044
451.981213;457.746710;466.233162;452.818817
468.645313;455.395936;451.508837;452.842940
443.566315;458.124490;474.255281;452.776057
437.039142;459.770530;478.561032;453.618691
439.011812;461.091714;476.261331;455.186360
448.537051;462.039452;467.378943;457.252017
456.795933;462.367262;459.810015;458.683145
476.605381;458.559563;438.128161;457.231399
462.715858;460.410848;451.997701;457.091680
457.178038;461.631719;457.524538;457.672854
454.985443;462.270438;459.625481;457.950257
454.831138;462.674114;459.813009;458.221097
454.648534;460.761852;458.823965;456.559821
455.249686;460.887258;458.190887;456.430139
453.381001;461.115494;460.023680;456.508910
452.416315;461.587911;461.095004;456.824305
476.139504;457.763930;435.869640;455.572790
459.921576;458.950069;452.379043;455.268204
449.440767;460.633150;463.068134;455.914208
446.918944;461.401662;465.279840;456.389855
447.681641;462.004025;464.477470;456.889595
463.194929;459.705058;448.681450;456.468070
453.865044;460.983157;457.698664;456.629092
451.857423;461.734975;459.490392;456.990698
448.530797;462.845533;462.358446;457.600596
447.898658;463.874574;462.459789;458.295379
453.492333;463.820859;456.534268;458.839158
457.019007;461.749024;451.900381;457.536255
451.874306;462.701395;456.334479;458.007475
444.945843;463.829058;461.902381;459.132410
445.349471;463.884744;460.727841;460.394623
478.389779;458.146564;427.604013;460.282146
451.015040;460.515133;455.342237;460.071117
451.685312;460.431596;455.299867;460.056243
448.601985;460.318613;459.430713;459.854326
449.152197;459.733135;460.760964;459.515284
452.703678;458.044808;459.788337;458.988685
456.025667;463.267767;458.360776;448.469676
452.781727;465.128641;462.034567;446.733026
451.209816;465.263182;462.998124;447.912513
449.850576;465.161090;463.065277;450.638069
447.423868;462.576652;463.728451;454.463470
446.978528;462.552634;461.499546;458.162450
446.053211;463.506769;459.729252;461.258966
447.221343;464.448926;455.852507;464.276178
448.248386;465.902806;451.987718;466.519349
466.300353;461.275259;436.343601;466.821172
444.331773;468.702687;451.548542;467.357562
442.527723;470.801607;450.324634;468.435427
439.439085;473.426431;450.491206;469.364341
438.020143;475.566204;449.498297;470.332380
462.019432;468.760391;428.273369;472.943611
446.934841;472.528158;442.127340;470.696503
434.675753;477.890841;448.733043;471.392301
435.329840;478.293326;447.243020;472.350230
436.744504;478.688523;444.977275;473.478808
446.275891;473.349037;439.920228;473.016224
438.038016;476.721757;446.038117;472.319866
434.539278;478.438346;448.157566;472.502648
439.477513;476.900117;445.188688;472.719549
440.997393;476.599707;444.308133;472.872290
461.685431;466.001623;432.918683;471.725971
442.983309;472.522098;448.665252;469.112918
444.219338;471.788521;449.479554;467.970540
443.186458;472.180256;451.186694;467.528699
442.443697;472.532732;452.460410;467.328793
471.423308;459.680617;433.953663;466.524685
451.315373;465.000815;453.604466;462.632977
450.614734;464.976860;455.970437;461.214442
446.999702;466.078835;459.716690;460.540072
448.800851;465.545523;459.017040;460.403236
469.798980;455.236669;447.331486;458.324849
458.152262;458.230534;459.111958;455.874186
454.447759;459.745059;462.351543;455.198113
454.024873;459.748788;463.392788;454.989297
454.902664;459.514643;463.228535;454.949352
462.860759;454.336653;460.581574;452.452480
460.260138;454.864546;463.789634;451.560664
456.886932;456.275426;465.883414;451.926272
457.096920;456.301981;465.942989;451.941821
456.433953;456.859279;466.154904;452.438322
472.985557;450.294400;453.230306;450.777746
460.330123;453.359381;464.662704;450.075802
457.311284;454.252754;467.140281;450.191503
455.049514;455.417451;468.194023;450.915425
464.178690;452.211656;461.236891;449.734172
460.454592;453.046631;464.960852;449.518611
458.263088;454.131389;465.929665;450.243872
458.611636;454.462404;465.388702;450.586419
457.934119;455.036037;465.485874;451.203434
475.968462;451.603508;449.023448;450.494345
455.440488;454.567947;467.579369;450.755545
457.122086;454.586644;465.720016;451.062127
457.646944;454.896981;465.030976;451.455407
456.851467;455.300099;465.634867;451.809736
474.634026;452.789970;448.017854;450.649458
459.045722;454.040852;463.258083;450.752385
456.958094;454.367737;465.373038;450.915773
454.428580;454.672344;468.058734;451.233292
455.345829;454.736002;467.663150;451.491056
481.456980;453.499633;441.189396;450.221433
462.169304;453.660374;461.265165;450.444081
457.797257;453.779495;466.014594;450.605651
458.334134;453.859937;465.727866;450.681128
459.099935;453.758868;465.801052;450.559836
468.089457;453.441572;455.961207;449.185749
457.844675;452.877939;467.165951;449.663715
456.094845;452.887480;469.769085;449.470441
478.496891;454.497611;446.035814;448.187861
468.652745;454.268098;455.439020;449.017141
456.108193;453.487298;469.410060;448.921682
457.623848;453.830790;468.211122;449.213953
460.089408;454.374520;465.317502;449.982138
480.823818;455.932029;441.154915;449.655004
463.955770;455.467881;457.824826;451.130998
476.756556;456.339544;441.505345;451.442257
460.110031;456.580165;457.619609;452.709608
460.588317;457.322479;455.931381;453.790393
453.110190;459.102672;462.006553;454.157268
451.622306;460.165992;461.787628;455.456421
449.418743;461.396348;462.211416;456.896218
450.015367;462.488415;457.507226;458.722050
446.997976;463.580441;458.314382;460.379093
446.922825;464.662840;456.451613;461.904055
448.229461;465.539764;453.799898;462.935160
447.498076;466.738785;452.777965;464.109458
449.187706;466.803986;448.207559;464.678878
445.875730;467.832882;450.142299;465.285099
441.292612;469.065661;453.472753;465.753065
438.778696;470.297866;455.141599;466.169227
444.869184;469.896683;449.702580;466.270196
452.152127;467.972015;442.041736;465.844509
446.043296;468.874750;448.347590;465.471819
440.463792;469.805227;453.781842;465.524848
442.682826;469.580234;452.206788;465.549881
463.165234;464.765218;433.715896;465.031719
445.266340;467.296620;452.088961;463.872614
443.100590;467.771949;454.733868;463.628945
444.661015;467.616588;454.141215;463.551932
444.931354;467.623203;454.743507;463.432101
447.932320;464.718677;454.249054;461.473194
445.207320;465.418565;457.468986;461.135218
446.523655;465.258157;457.022509;461.090815
447.078072;465.448076;457.133083;461.233436
448.551985;465.354861;456.383757;461.289578
454.029291;462.141433;452.717273;459.694420
452.887567;462.512455;454.477469;459.311981
449.936890;463.148852;457.742520;459.216236
448.178492;463.952960;459.435438;459.437988
450.252978;464.030028;457.691257;459.785347
477.961648;457.102908;432.257398;459.291636
460.749073;459.663453;449.574096;457.948569
448.912667;462.369807;460.676952;457.709231
449.358672;462.657626;459.790485;458.101974
472.862900;457.161849;438.525764;458.434500
457.740299;459.644896;451.873327;457.991746
449.871313;461.744106;458.855261;457.864809
448.361753;462.928076;459.647425;458.318386
450.961056;463.150538;456.888142;458.997722
463.917733;459.380078;445.687149;458.949863
450.911997;462.611951;457.041008;458.515752
448.441285;463.886174;458.396114;459.062796
446.467548;465.384384;458.940003;460.105780
446.326532;466.436912;457.693273;461.398176
474.028652;458.956828;432.386251;462.766549
459.311064;461.031067;446.810763;461.508338
465.703714;456.943899;443.788951;460.538449
447.270181;460.840688;460.845685;459.658193
443.216855;462.418643;463.476914;459.360457
462.299744;458.496086;449.170830;458.725245
444.146659;460.936866;465.345630;458.022307
445.649526;460.948388;464.976329;457.839434
450.136082;460.228642;462.833865;457.530794
460.102116;456.691248;457.408274;454.811523
465.062986;454.933408;455.586407;453.464893
459.191147;459.677385;463.773017;447.079887
477.131868;456.799423;446.580829;446.003885
459.174557;459.319770;463.849412;445.801680
455.807722;459.167920;465.341170;448.729946
455.327465;458.900460;463.497603;452.210609
452.968454;459.837048;462.573705;455.873038
460.260517;456.649150;454.204435;457.386593
447.642924;460.900155;460.852206;461.394182
448.463348;462.612531;456.462010;463.771118
468.097355;459.273919;435.562787;465.427870
453.909578;463.150172;447.750995;464.076483
445.773734;467.465499;451.602809;465.764144
442.092112;469.969864;452.770538;466.420902
439.595136;472.321558;452.979472;467.500341
437.653896;473.815325;453.410877;468.397531
445.276834;470.020573;447.054537;466.954439
443.445449;471.240083;448.979447;467.075125
439.269006;472.976975;452.500485;467.532599
445.130846;468.191391;450.890018;464.901114
441.851049;469.273272;454.979726;464.305331
438.093643;470.526199;458.862228;464.377497
443.117898;469.621851;455.712655;464.539477
446.505923;468.761105;454.255585;464.339593
464.580169;461.165373;441.598038;461.672881
457.149059;461.773511;451.445220;459.670064
450.907754;462.975881;458.980881;458.764647
448.479669;463.329430;462.644764;458.190464
453.495551;462.022775;459.611476;457.842374
482.037784;453.247263;435.449276;455.414431
459.153639;456.552515;459.693566;453.566918
453.037333;458.008531;466.278223;453.067298
451.791981;458.266455;467.972941;452.975695
453.501850;458.694341;466.302936;453.798368
456.378055;455.501888;465.345613;451.322806
456.640759;455.903640;465.542059;451.418519
453.297012;456.973828;468.541934;452.017556
455.114399;457.303970;466.663047;452.611268
460.288866;454.477156;462.254549;450.866177
455.502114;456.078383;466.000049;451.550692
452.026282;457.264385;468.781150;452.378180
455.556659;457.414583;465.031508;452.931187
464.341613;454.551204;455.810989;451.292388
454.152353;456.457827;465.420393;452.004468
451.383111;457.514439;467.392563;452.837517
454.853767;457.621066;463.787862;453.244478
457.563242;457.709634;460.943872;453.592332
463.891527;455.778176;454.029938;452.273053
458.129872;456.615259;459.331825;452.542902
453.878893;457.120731;463.463751;452.875841
450.917415;457.612310;466.388663;453.286395
467.158225;455.522899;449.126722;451.851388
451.999399;456.645844;464.636680;452.497198
450.669765;456.906662;466.274893;452.707751
449.683291;457.097989;467.930450;453.061724
452.596206;457.159882;466.065731;453.355417
463.882341;456.035246;453.156913;451.923273
452.776649;456.121313;465.430229;452.130049
456.317471;456.149319;462.879427;451.879559
455.156331;456.067435;465.204110;451.860326
476.819761;455.935984;441.020847;450.267620
463.964778;454.944126;456.072951;450.360906
460.566164;454.451084;460.127013;450.740680
462.802361;452.992628;459.222562;450.950038
490.775636;454.579495;426.293920;448.494161
463.498125;455.504133;457.224899;447.777307
447.839488;456.192510;474.705473;445.865884
450.660795;456.025969;471.849189;447.134197
451.020963;455.985552;471.688525;448.493675
451.997985;455.833743;470.792070;450.233569
457.854100;456.203697;462.077554;452.319461
456.976421;456.369378;461.795231;453.938949
454.049709;457.004283;463.515259;455.245572
452.910588;458.171658;463.420281;456.082344
479.670869;459.013895;431.067532;456.425250
454.268426;459.966098;456.077270;457.292792
447.266084;461.107353;461.632210;457.983921
448.703515;461.974917;459.203472;458.310745
446.575967;463.144687;459.767414;459.090951
447.104407;463.295805;456.402208;459.038333
443.355516;464.096933;459.436066;459.737555
445.496074;464.591312;456.769205;460.164282
469.966244;463.744459;430.426205;460.346516
452.043913;463.816477;449.344431;460.850998
443.189484;464.932064;457.811548;460.621226
444.554119;465.083890;456.718757;460.863608
446.450235;465.151190;455.402135;461.068658
448.282292;465.229676;454.197442;461.058902
458.067768;463.332913;444.045990;460.164458
447.425127;463.927823;455.568179;460.063138
445.892795;464.042516;457.771372;459.945267
443.879650;464.434320;460.534633;459.990917
475.953979;460.929521;428.271570;459.217357
464.996270;460.969304;439.588943;458.729872
448.433109;462.412173;456.878034;458.379038
448.758197;462.372085;457.292822;458.284387
448.533047;462.519364;458.501388;458.259250
448.087576;462.822548;459.461756;458.392838
463.986633;460.147580;443.667121;457.380456
453.104264;460.871519;455.068900;457.054944
448.419979;461.512050;460.214953;457.019978
446.019369;462.050239;462.842215;457.282759
448.459118;462.265348;460.963113;457.706427
451.641850;462.323183;458.237361;457.941734
469.746935;458.552562;438.822446;456.510891
451.574879;460.609122;457.407485;456.615936
446.212807;461.667701;462.651623;456.974290
449.999677;461.706020;459.177652;457.185603
451.092496;461.908577;458.314799;457.434971
473.000081;458.265238;435.912314;456.511794
451.983222;460.901882;457.298842;456.552143
450.028716;461.432251;459.211706;456.846304
449.400253;461.855369;459.891495;457.197753
447.471322;462.840930;461.768212;457.836111
452.497375;460.725207;456.750259;456.644561
451.948894;461.309326;457.303672;456.879665
447.309717;462.406413;461.615010;457.278284
448.593780;462.917529;460.299723;457.813041
448.957928;463.590572;459.762701;458.412080
468.960093;459.789754;439.979869;457.920141
451.970679;462.563200;456.014919;458.061468
450.517084;463.364327;457.193855;458.428825
448.268336;464.518624;459.009579;458.919801
447.958820;465.394994;458.937520;459.741624
481.242728;459.183970;425.263468;459.925415
461.324305;461.774831;445.798495;458.584143
447.709213;465.448084;457.531783;459.826299
445.743561;466.276357;458.332021;460.909786
444.004987;467.678416;458.930529;462.398086
467.054640;461.879460;437.744774;462.753327
450.107234;466.203657;452.153164;463.071866
450.127057;466.967204;452.033283;463.197107
445.583201;469.365316;455.044431;463.875990
446.633766;470.929336;452.867123;464.661426
459.996641;466.949863;440.936309;464.131430
446.296774;461.355029;452.626512;471.387636
445.290873;460.337809;455.109316;469.935060
445.348169;460.196303;457.735671;467.497896
446.827562;460.644069;460.237809;463.489918
471.662636;459.181093;441.318553;456.955877
459.076582;458.849036;460.610727;450.982843
456.728154;457.181695;468.103238;447.743095
460.628600;455.112906;469.820356;444.436458
463.518944;452.313926;472.429301;442.029750
468.275112;449.098181;471.886720;439.983770
466.755580;444.966171;479.369805;438.006630
469.442979;442.406641;479.655602;438.008593
471.913262;439.875787;481.281683;436.922696
475.685270;438.011899;481.027761;435.551627
482.215819;440.229373;472.189216;434.566325
476.839904;436.566262;481.583444;434.324391
475.344177;435.113875;485.551878;433.951077
475.892818;434.081086;487.356453;433.278744
478.788603;435.812860;483.750008;433.188095
493.720204;443.861845;462.617400;430.339048
481.453372;441.395286;473.375288;434.516560
476.067031;438.474177;481.719662;435.241491
473.903099;438.136098;484.144143;436.079025
473.248735;438.139237;484.670040;437.171495
481.675912;453.582772;457.035790;439.627169
468.287030;447.325377;472.571991;444.220127
458.516513;441.782308;485.733200;445.999035
460.549156;441.232010;485.660852;445.379330
466.212216;443.146948;481.131436;444.121621
468.579651;443.249880;479.958249;444.131748
468.336037;446.559396;473.961298;445.651157
470.571355;447.338904;471.450316;445.792320
469.267468;446.782672;473.954724;446.087044
469.777278;448.073122;472.642293;446.317310
468.806300;448.623474;472.095677;447.492106
467.204324;455.037981;460.804630;449.662546
460.831333;453.361917;467.982713;451.908292
459.750423;454.395123;467.219300;452.724087
458.984085;455.110325;467.066121;453.469662
453.713306;458.969135;462.299895;457.091591
452.443314;459.245000;462.516032;458.271296
452.931486;459.822643;461.812841;458.435855
453.498418;460.905230;460.089344;458.886089
460.463060;466.778466;442.174982;460.294663
450.662216;465.253784;452.611937;462.270330
446.231500;464.321796;457.803990;463.163282
446.360133;463.484142;460.003151;462.492527
447.828026;464.440727;457.732377;462.670133
466.197935;470.641592;429.896917;461.637742
448.355230;466.856781;450.871067;463.669825
445.201470;465.470945;456.244410;463.843862
447.761293;465.060634;455.471982;462.801667
447.304186;464.291801;458.142262;462.280389
452.800109;466.638447;446.886585;462.663631
444.639352;464.612540;458.129035;463.077128
445.461077;463.907809;459.349009;462.324259
449.113736;463.852074;457.122626;461.005144
452.553126;463.503388;455.503728;460.351529
454.027853;463.248439;455.008343;459.845422
458.137178;464.343117;446.652071;459.942871
451.025039;462.440686;456.867035;459.945878
451.024463;462.157449;457.778299;459.551443
449.074506;461.462386;461.706043;459.184108
471.013823;464.437463;434.708259;458.058640
453.799418;462.387515;454.584314;458.904251
450.865780;461.705239;458.755522;458.911509
451.178523;461.284611;459.967523;458.482976
451.585475;461.046866;460.876174;458.212798
469.641619;463.026266;440.037939;457.498801
458.097837;461.832464;452.687427;457.841910
452.783638;461.298593;459.698927;457.716066
452.509099;461.433128;460.382624;457.606506
451.652916;461.515042;461.884599;457.643090
454.954502;462.025819;458.155007;457.704155
459.836920;462.521262;449.343984;457.871327
449.943885;462.772414;458.802865;458.724129
447.021497;463.333237;460.970968;459.218132
449.606330;464.047582;457.137621;459.829756
473.568044;463.481789;428.413736;460.754686
460.467891;463.889684;441.161728;460.935040
445.088322;461.950141;454.752086;465.384694
442.755226;461.471186;457.445574;465.835751
442.956197;461.581417;458.968176;464.892892
458.899065;462.322801;443.392289;461.953941
449.759809;462.216638;455.711369;459.878123
450.244410;461.990038;458.845174;457.360822
450.060795;461.205222;462.669075;455.569213
451.796236;460.030998;464.840714;454.113378
466.040195;459.663926;449.636349;452.124761
459.399237;457.107142;460.604451;451.598404
457.468175;455.501364;465.442865;451.170415
456.101207;454.064986;469.954281;450.810612
481.638942;454.910366;440.640454;448.305990
461.620702;452.865702;463.528722;449.431907
458.681037;452.320071;467.906490;449.618967
456.672992;452.064251;470.918901;449.613032
458.995735;452.307288;468.952984;449.537485
460.046712;452.739787;467.841774;449.678932
459.334067;453.150921;468.978816;450.091061
461.993291;454.459103;460.406926;450.126482
456.108979;454.660872;466.702927;451.301492
453.048207;455.092563;469.469712;451.971635
455.622286;455.948566;466.056581;452.507015
458.062942;456.891929;462.442629;453.173197
458.306485;458.163495;455.923791;453.527096
453.439893;458.564669;460.214941;454.732125
448.917231;458.983438;464.253731;455.626037
449.687645;459.677872;462.945624;456.128472
452.111306;460.395463;459.835364;456.580610
454.051991;460.905838;457.372696;456.898522
452.681221;461.657782;454.469327;457.332879
449.173510;461.880732;457.838374;457.859151
447.419024;462.099435;459.617074;458.241104
446.599387;462.238523;461.442902;458.351811
454.763378;462.708266;449.596570;458.153945
449.320397;462.830659;455.604223;458.614207
447.439177;462.758822;458.504700;458.622561
448.695261;463.002213;457.565617;458.708069
467.450473;462.820887;435.790005;458.208237
449.509450;463.208658;454.975421;458.698210
447.106320;463.373507;457.719706;458.848980
444.142349;463.770488;461.144513;459.108525
446.537845;464.047878;459.497147;459.198491
467.409293;462.872527;435.509870;458.860884
451.579751;463.895313;452.046052;458.983868
447.136511;464.814848;456.116444;459.147933
448.580508;465.133021;454.479728;459.486644
449.779208;466.129525;452.369650;459.838154
454.481038;465.881704;445.456231;459.548262
449.144527;468.830221;449.017931;459.515990
438.766745;460.989769;457.099944;469.505168
443.989405;459.616871;453.763518;468.821091
445.881115;458.735980;454.874959;467.326021
448.407983;457.535043;457.073876;463.503082
448.770697;458.313643;461.756631;458.420239
451.598701;458.463118;465.097185;453.378911
457.530977;457.935379;465.389710;448.959534
461.304147;455.955337;467.549381;445.904371
481.066952;458.255266;447.846913;442.424121
467.439544;450.552615;471.690063;440.943890
467.825218;446.563776;476.405883;440.110093
469.539640;443.502098;478.895256;439.844577
472.606701;441.114584;480.429049;438.271538
478.223364;441.179749;475.613046;436.871036
476.217924;438.246596;481.249125;436.330634
475.872283;436.391074;484.850970;435.579535
476.753932;436.382968;485.218078;435.317712
483.857377;442.613349;471.500503;435.209638
478.077223;438.494631;481.794391;435.162307
476.573732;437.902751;484.393824;435.514423
476.362413;438.814714;483.808432;436.500428
476.746970;439.290282;483.240179;436.988848
473.756058;443.273231;478.888048;439.616744
471.448037;442.415716;481.130578;440.916797
469.432909;441.646479;483.600988;441.894216
468.913670;440.915932;485.257365;442.336260
466.330677;440.916500;485.299793;444.702038
469.290974;448.999122;470.647256;446.112221
466.245936;448.993759;473.238705;447.648558
464.398065;448.843398;475.250684;448.478474
464.990528;449.995758;473.996805;448.956581
467.197623;452.347053;469.083263;449.588252
467.571101;459.169276;455.115758;452.262356
458.595954;456.740549;465.399581;455.028942
455.446150;455.953980;469.166642;455.924518
471.842777;466.640777;438.453527;455.198582
455.064142;462.503458;456.697615;459.155654
451.821346;462.116077;459.510348;460.530306
