0.115906;-0.385396;0.251172;9.745642
0.066061;0.083002;0.276867;9.759946
0.117923;-0.462673;0.253034;9.731414
0.091085;-0.135718;0.260438;9.741194
0.069777;0.106350;0.266373;9.748557
0.058269;0.252485;0.267500;9.754158
0.103756;-0.232645;0.238445;9.743630
0.091749;-0.094030;0.234992;9.733812
0.070237;0.152266;0.235220;9.744559
0.061999;0.238418;0.230256;9.753436
0.056464;0.293080;0.224801;9.763924
0.056955;0.260655;0.216724;9.770382
0.099254;-0.331974;0.183570;9.742169
0.088842;-0.155220;0.176213;9.745291
0.082359;-0.057007;0.167708;9.750521
0.073562;0.107020;0.161054;9.757191
0.064589;0.274011;0.156378;9.766048
0.103419;-0.382421;0.123350;9.736220
0.093239;-0.167073;0.117038;9.741141
0.085736;-0.013028;0.111243;9.749530
0.074978;0.232226;0.108775;9.758602
0.102495;-0.381701;0.082293;9.739049
0.090499;-0.048659;0.079777;9.746715
0.083713;0.124585;0.076413;9.755136
0.082589;0.190429;0.071055;9.762741
0.081615;0.251505;0.067063;9.772996
0.099094;-0.310375;0.049626;9.755863
0.089786;0.061970;0.049271;9.765328
0.088939;0.120067;0.045159;9.769659
0.087506;0.225688;0.041893;9.779824
0.097275;-0.301540;0.028648;9.763382
0.093208;0.038988;0.026158;9.773098
0.093440;0.114812;0.021576;9.779536
0.093797;0.212465;0.017204;9.790087
0.097242;-0.345126;0.006821;9.775856
0.096985;-0.053021;0.001955;9.784143
0.098939;-0.004991;-0.004307;9.789678
0.097233;0.125133;-0.010723;9.800080
0.086557;0.216492;-0.016906;9.809145
0.067068;-0.330728;-0.022851;9.793669
0.046453;-0.060625;-0.025971;9.797800
0.022852;0.009568;-0.026269;9.801961
-0.004637;0.222031;-0.022277;9.811083
-0.007073;-0.364237;-0.016639;9.789270
-0.035536;-0.101992;-0.004120;9.792053
-0.061147;0.031466;0.014532;9.798841
-0.098686;0.156001;0.040717;9.806201
-0.127417;0.132483;0.072485;9.811464
-0.059019;-0.304154;0.097639;9.785212
-0.062389;-0.083895;0.141377;9.795892
-0.050564;0.042644;0.186007;9.805718
-0.034360;0.120056;0.232643;9.816490
-0.026085;0.190771;0.281964;9.827185
0.075051;-0.296597;0.305927;9.821915
0.047445;-0.088867;0.355875;9.824870
0.028721;0.003166;0.401641;9.832616
-0.003725;0.149240;0.450890;9.841668
-0.011987;0.156663;0.490416;9.848391
0.072942;-0.251153;0.493048;9.833994
0.032302;-0.045080;0.531928;9.839655
0.011609;0.041478;0.563335;9.845171
-0.006993;0.127266;0.592770;9.852357
-0.026326;0.200934;0.622506;9.859939
0.097447;-0.312113;0.588656;9.839567
0.063560;-0.125396;0.609090;9.840508
0.048134;-0.044994;0.620674;9.845816
0.023193;0.082982;0.634220;9.851463
0.006458;0.164469;0.645228;9.857679
-0.010285;0.230601;0.657052;9.865452
0.080417;-0.127197;0.605837;9.840602
0.045821;0.019758;0.613766;9.846998
0.034204;0.076730;0.611307;9.850128
0.018527;0.146614;0.611505;9.856517
0.103052;-0.214158;0.555414;9.833311
0.053701;0.035392;0.563562;9.841754
0.044162;0.076308;0.555099;9.843699
0.030422;0.147017;0.550518;9.849401
0.023481;0.176436;0.544196;9.853972
0.123513;-0.309969;0.474548;9.818991
0.092270;-0.124426;0.468375;9.826618
0.065160;0.028054;0.463970;9.832822
0.043070;0.156825;0.459716;9.838099
0.029478;0.235142;0.454879;9.844446
0.127175;-0.331993;0.386141;9.805929
0.097371;-0.132695;0.383757;9.812042
0.081267;-0.040216;0.376176;9.819442
0.069599;0.050173;0.366539;9.822115
0.053121;0.161415;0.362720;9.828164
0.120583;-0.288521;0.307791;9.795369
0.093611;-0.064536;0.304248;9.804853
0.074670;0.075304;0.300592;9.811227
0.053270;0.242501;0.302002;9.819889
0.049873;0.262957;0.297988;9.823850
0.120439;-0.324617;0.250204;9.788220
0.096480;-0.108700;0.250736;9.794724
0.079168;0.033289;0.250932;9.803686
0.069689;0.119573;0.247128;9.806296
0.066558;0.146190;0.241686;9.809586
0.120198;-0.389719;0.201621;9.777113
0.084972;0.004043;0.210625;9.792309
0.078089;0.060130;0.206237;9.793126
0.066934;0.203157;0.206084;9.801406
0.107479;-0.284897;0.175167;9.776266
0.094206;-0.086853;0.172707;9.779074
0.089541;-0.019150;0.167382;9.784346
0.083463;0.080369;0.162665;9.789431
0.072516;0.247042;0.163041;9.798170
0.109835;-0.335713;0.133375;9.771483
0.098097;-0.115927;0.130566;9.774908
0.092604;-0.030752;0.125185;9.779631
0.084974;0.140915;0.122376;9.786000
0.111533;-0.344804;0.094978;9.763141
0.097700;-0.040941;0.092140;9.773538
0.105344;-0.219600;0.074142;9.771428
0.087132;0.243753;0.074831;9.772939
0.079952;0.436584;0.073306;9.780097
0.077933;0.519509;0.070856;9.793529
0.089994;0.062821;0.057504;9.787002
0.085654;0.187464;0.054429;9.788898
0.084554;0.202485;0.050115;9.796359
0.084487;0.228485;0.045422;9.802553
0.084996;0.300934;0.041130;9.810791
0.090965;-0.230553;0.026850;9.767083
0.090679;-0.092935;0.020185;9.774643
0.091583;0.043891;0.012654;9.778200
0.090917;-0.417940;0.000313;9.749233
0.092876;-0.157203;-0.008344;9.755341
0.092107;-0.049913;-0.017551;9.760470
0.089732;0.203490;-0.026679;9.769294
0.084056;0.240283;-0.035189;9.774081
0.070372;-0.145729;-0.043420;9.749438
0.066276;0.109148;-0.050672;9.759832
0.061511;0.158536;-0.056008;9.768774
0.057575;0.168923;-0.059465;9.777644
0.054779;0.207151;-0.061329;9.786439
0.048144;-0.151787;-0.059374;9.770857
0.047182;-0.058672;-0.057869;9.778134
0.046108;0.018937;-0.054668;9.785026
0.045151;0.021548;-0.049654;9.790135
0.053166;0.221212;-0.043894;9.798045
0.060688;-0.042834;-0.035355;9.786376
0.065957;0.154745;-0.029089;9.792695
0.068565;0.370205;-0.022812;9.801451
0.069264;0.404525;-0.016280;9.811912
0.069386;-0.225686;-0.007830;9.791943
0.066996;-0.037453;-0.002661;9.792709
0.064176;0.105649;0.002057;9.801428
0.061963;0.163042;0.006317;9.804792
0.060110;0.228880;0.010067;9.811696
0.059209;0.218106;0.013399;9.815331
0.062341;-0.243062;0.016293;9.778396
0.061990;-0.003134;0.017387;9.788900
0.062196;0.092485;0.018112;9.793878
0.061984;0.262515;0.018593;9.805367
0.067423;-0.335980;0.018165;9.767920
0.066711;-0.075835;0.017221;9.776811
0.066376;0.061359;0.016211;9.789730
0.066291;0.164763;0.015051;9.795971
0.065595;0.298811;0.014120;9.809091
0.065319;0.386388;0.013371;9.823537
0.070017;-0.179266;0.011033;9.774472
0.068956;0.016078;0.009682;9.792781
0.068926;0.094816;0.008333;9.797686
0.068137;0.291220;0.007473;9.814042
0.073234;-0.373359;0.005597;9.761204
0.072481;-0.129505;0.004324;9.773207
0.072483;-0.018951;0.003319;9.785152
0.071693;0.185727;0.002665;9.797595
0.071982;0.262161;0.002388;9.805035
0.077069;-0.373058;0.001441;9.757521
0.075436;-0.062794;0.001014;9.774607
0.075160;0.060069;0.000882;9.785774
0.074461;0.235589;0.001075;9.797700
0.074454;0.261596;0.001557;9.804301
0.078465;-0.267679;0.001500;9.760949
0.076881;0.022467;0.001704;9.779840
0.076528;0.083344;0.002159;9.787108
0.075886;0.190871;0.002951;9.798397
0.081200;-0.460986;0.003069;9.746718
0.079063;-0.142556;0.003493;9.762143
0.077894;0.063413;0.004232;9.779978
0.075993;0.298784;0.005262;9.793979
0.082205;-0.394512;0.005142;9.744631
0.080067;-0.083803;0.005656;9.759413
0.078650;0.039126;0.006430;9.772990
0.076179;0.295378;0.007731;9.790253
0.082511;-0.359242;0.007674;9.746680
0.078550;-0.053837;0.008522;9.759760
0.076276;0.079202;0.009826;9.773128
0.073799;0.182367;0.011374;9.781281
0.071963;0.233865;0.013419;9.790256
0.078314;-0.260023;0.012667;9.740127
0.074386;-0.048592;0.014129;9.753105
0.070633;0.135699;0.016423;9.765512
0.065938;0.328725;0.019760;9.778996
0.061161;0.421518;0.023999;9.792624
0.075719;-0.447733;0.023411;9.738786
0.066498;-0.127220;0.027630;9.755377
0.060650;-0.035956;0.031827;9.760475
0.055301;0.115348;0.037230;9.767812
0.072687;-0.427403;0.037784;9.745166
0.074284;-0.434020;0.043379;9.743729
0.058277;0.055231;0.052612;9.758769
0.054265;0.088551;0.059165;9.760377
0.046014;0.138160;0.066914;9.767696
0.035184;0.123457;0.075604;9.772339
0.038471;-0.281987;0.075876;9.751470
0.167745;-0.055101;0.082499;9.759046
0.257784;0.196522;0.080013;9.766374
0.316625;0.317993;0.068028;9.777760
0.338903;0.336953;0.047787;9.790714
0.298864;-0.170960;0.020515;9.781355
0.282173;0.039136;-0.012976;9.784091
0.249114;0.092647;-0.049670;9.791783
0.235889;0.309541;-0.094628;9.804222
0.141575;-0.230746;-0.123565;9.778992
0.137323;-0.048099;-0.168189;9.789670
0.152943;0.193690;-0.218983;9.800664
0.164855;0.296102;-0.265977;9.810195
0.179636;0.351574;-0.312484;9.822552
0.096988;-0.293237;-0.326864;9.797670
0.127750;-0.089046;-0.369033;9.805661
0.152242;0.030646;-0.407597;9.815073
0.180710;0.178934;-0.446851;9.827175
0.082510;-0.351846;-0.437845;9.800504
0.114123;-0.094408;-0.468572;9.812220
0.143993;0.094928;-0.498655;9.824761
0.177374;0.279390;-0.530144;9.840394
0.179243;0.267149;-0.547886;9.850702
0.051915;-0.397353;-0.506076;9.816282
0.073917;-0.232003;-0.523047;9.812717
0.098427;-0.065043;-0.535539;9.825065
0.118986;0.065686;-0.544802;9.837574
0.151084;0.239191;-0.559394;9.854035
0.019787;-0.439490;-0.492910;9.808669
0.064816;-0.109440;-0.504244;9.823139
0.084819;-0.000076;-0.502908;9.834897
0.111555;0.158601;-0.505637;9.845481
0.129818;0.250589;-0.506903;9.857009
0.025741;-0.347107;-0.442758;9.817656
0.065945;-0.055635;-0.448520;9.831075
0.079987;0.019627;-0.442656;9.838976
0.114258;0.237447;-0.448966;9.855270
0.119101;0.248025;-0.442208;9.858655
0.136983;0.340386;-0.444927;9.872644
0.048703;-0.211941;-0.381645;9.812013
0.069856;-0.057041;-0.378784;9.828253
0.095211;0.122624;-0.380324;9.841169
0.108595;0.201950;-0.377440;9.848052
0.009008;-0.552520;-0.307599;9.775689
0.042940;-0.225232;-0.310049;9.794441
0.062661;-0.078311;-0.306544;9.806101
0.086895;0.124268;-0.307674;9.814642
0.100518;0.226890;-0.306248;9.822277
0.031477;-0.291865;-0.252244;9.759902
0.081209;0.167749;-0.271339;9.788306
0.087909;0.206472;-0.270328;9.793932
0.097210;0.252680;-0.271003;9.803133
0.111126;0.315244;-0.276039;9.815934
0.061401;-0.133924;-0.237385;9.771525
0.074994;-0.056890;-0.238657;9.778685
0.095998;0.111734;-0.244379;9.787835
0.114658;0.262321;-0.254132;9.796227
0.105118;0.231388;-0.255514;9.797087
0.026931;-0.342773;-0.218938;9.748875
0.016220;-0.166993;-0.220744;9.759152
0.001171;-0.009739;-0.220802;9.761849
-0.019677;0.080366;-0.215445;9.764533
-0.041978;0.182280;-0.209117;9.768805
-0.097414;-0.430140;-0.167380;9.733939
-0.132059;-0.172359;-0.152190;9.738076
0.037387;0.042302;-0.135501;9.751939
0.163092;0.143500;-0.123717;9.761594
0.220762;-0.382454;-0.098087;9.759687
0.284696;0.027794;-0.108280;9.766239
0.295978;0.186723;-0.121645;9.773985
0.277165;0.282509;-0.139136;9.788890
0.250537;0.380918;-0.164597;9.806250
0.052492;-0.792718;-0.112861;9.764003
0.060323;-0.332026;-0.145028;9.774976
0.067572;0.041431;-0.177678;9.780474
0.088800;0.403002;-0.216583;9.791234
0.109488;0.605599;-0.255578;9.809809
0.130586;0.699724;-0.294704;9.832751
0.057173;-0.065694;-0.291904;9.824045
0.100040;0.162534;-0.330582;9.827116
0.115562;0.136509;-0.354986;9.834581
0.130964;0.165333;-0.376959;9.840926
0.158874;0.295902;-0.404219;9.855553
0.056629;-0.489973;-0.371141;9.787987
0.080935;-0.227741;-0.387922;9.801124
0.089377;-0.150920;-0.393591;9.808886
0.121330;0.113729;-0.408669;9.824118
0.123717;0.140524;-0.409610;9.825711
0.029797;-0.529611;-0.358912;9.774681
0.053475;-0.251491;-0.359750;9.788611
0.081584;-0.022756;-0.362170;9.804551
0.112549;0.230259;-0.367087;9.817455
0.123647;0.298303;-0.364863;9.826249
0.046428;-0.352371;-0.314792;9.788210
0.070467;-0.088989;-0.316424;9.799367
0.094568;0.110136;-0.319369;9.817823
0.100679;0.178913;-0.314341;9.822397
0.104819;0.213922;-0.309121;9.829870
0.041545;-0.301022;-0.260340;9.783898
0.067930;-0.012760;-0.262900;9.804716
0.088067;0.198894;-0.264229;9.815636
0.032962;-0.372023;-0.222080;9.778350
0.057213;-0.060860;-0.224923;9.789220
0.073698;0.104552;-0.225590;9.802922
0.086928;0.252896;-0.226820;9.812659
0.092894;0.289019;-0.225360;9.819393
0.096027;0.283094;-0.223394;9.825297
0.042630;-0.404321;-0.185797;9.770208
0.058401;-0.149677;-0.187708;9.783055
0.072525;0.021452;-0.188968;9.790345
0.078487;0.097668;-0.186775;9.791702
0.088295;0.219999;-0.188404;9.799070
0.038022;-0.511864;-0.153680;9.753146
0.051373;-0.225003;-0.156501;9.761935
0.057326;-0.055892;-0.157708;9.769255
0.064340;0.143648;-0.160482;9.775445
0.061029;0.169113;-0.157866;9.779848
0.030363;-0.222940;-0.134418;9.745738
0.038612;0.001563;-0.135960;9.755355
0.044739;0.112318;-0.135369;9.765841
0.049464;0.085780;-0.131795;9.771616
0.188235;0.303076;-0.139184;9.786259
0.234437;-0.099749;-0.130137;9.771523
0.285629;0.012156;-0.148517;9.783341
0.304590;0.106440;-0.172750;9.795216
0.317732;0.294526;-0.209934;9.811212
0.210606;-0.171064;-0.220705;9.800611
0.200239;0.035573;-0.263282;9.806848
0.178482;0.104783;-0.304055;9.819386
0.176449;0.231047;-0.350940;9.834062
0.058374;-0.319034;-0.354913;9.812163
0.088270;-0.066066;-0.403526;9.817609
0.097521;-0.014043;-0.440460;9.825778
0.116787;0.083589;-0.477364;9.835530
0.148623;0.208118;-0.518634;9.849189
0.163865;0.227252;-0.551547;9.858181
0.026096;-0.465283;-0.514483;9.812308
0.072765;-0.167040;-0.546457;9.822024
0.092686;-0.061223;-0.564203;9.831831
0.143998;0.212568;-0.595833;9.847589
0.156787;0.265961;-0.610464;9.855103
0.017002;-0.392980;-0.548443;9.813500
0.071587;-0.053207;-0.570601;9.830044
0.111825;0.142177;-0.585225;9.845770
0.118063;0.181810;-0.581894;9.850157
0.121033;0.196008;-0.576015;9.857088
-0.011332;-0.503582;-0.493350;9.804685
0.023371;-0.222535;-0.490108;9.818027
0.068811;0.045978;-0.492913;9.835145
0.087037;0.176508;-0.483454;9.838129
0.094971;0.228585;-0.469764;9.844248
0.005705;-0.350369;-0.397264;9.804290
0.043162;-0.023892;-0.395409;9.816920
0.062564;0.109992;-0.385534;9.827480
0.068553;0.171849;-0.369844;9.830284
0.075777;0.235964;-0.357037;9.837181
0.000332;-0.401778;-0.290778;9.786091
0.018380;-0.168422;-0.280873;9.791419
0.029984;-0.042952;-0.268633;9.801161
0.044749;0.140563;-0.260125;9.809531
-0.004129;-0.392343;-0.207226;9.769334
0.002606;-0.253550;-0.195539;9.756492
0.015819;-0.007928;-0.188080;9.771909
0.019294;0.105810;-0.176682;9.780060
0.024348;0.270226;-0.168468;9.793797
0.020966;0.298698;-0.156199;9.802230
-0.013452;-0.453565;-0.111375;9.754392
-0.016632;-0.275030;-0.097796;9.757184
-0.020250;-0.109702;-0.084513;9.767084
-0.027665;0.154816;-0.070958;9.775684
-0.041439;0.349113;-0.054464;9.784887
-0.026763;-0.420741;-0.018059;9.745814
-0.019845;-0.131094;0.000917;9.753116
-0.010242;0.068788;0.021338;9.765502
-0.002555;0.286850;0.043296;9.776671
0.043963;-0.468018;0.066365;9.739956
0.044787;-0.251341;0.085516;9.744346
0.035794;-0.106022;0.104226;9.755192
0.009740;0.043207;0.124214;9.761168
0.146385;0.118147;0.137778;9.763183
0.251491;-0.538388;0.134103;9.746998
0.306122;-0.143119;0.127159;9.756129
0.326269;0.071621;0.109932;9.764206
0.316941;0.230912;0.083362;9.774635
0.234512;-0.396508;0.054795;9.778688
0.204570;-0.137117;0.016495;9.780371
0.175112;0.023862;-0.024609;9.786636
0.154315;0.179009;-0.070238;9.795458
0.145798;0.301799;-0.117664;9.805954
0.068923;-0.305184;-0.148351;9.809837
0.079400;-0.176792;-0.194912;9.797781
0.111738;0.054642;-0.245337;9.802374
0.130741;0.135345;-0.289816;9.807971
0.144150;0.159102;-0.330879;9.815914
0.067154;-0.374517;-0.342551;9.812060
0.095412;-0.160495;-0.381039;9.811589
0.125418;0.006281;-0.418852;9.815189
0.148371;0.144347;-0.454040;9.822745
0.176374;0.280498;-0.492454;9.832284
0.079828;-0.192940;-0.482640;9.827111
0.126004;0.071320;-0.518860;9.828303
0.138426;0.121609;-0.543336;9.833651
0.162521;0.220126;-0.572790;9.843338
0.057459;-0.247876;-0.545266;9.831897
0.090251;-0.052719;-0.568403;9.834007
0.109000;0.033734;-0.585422;9.840165
0.138533;0.164121;-0.608407;9.847974
0.143372;0.171447;-0.621482;9.853799
0.015233;-0.343153;-0.568488;9.831835
0.048790;-0.135955;-0.581792;9.837940
0.083101;0.025093;-0.596499;9.843759
0.111383;0.156397;-0.610517;9.850620
0.123853;0.206093;-0.619528;9.858531
0.001815;-0.317740;-0.559622;9.839759
0.040253;-0.096446;-0.572953;9.841126
0.053459;-0.037783;-0.573998;9.844184
0.071591;0.059001;-0.575989;9.849895
0.092041;0.151182;-0.580649;9.856416
-0.001371;-0.271180;-0.523581;9.836127
0.054947;0.030912;-0.542980;9.840945
0.073274;0.102150;-0.545262;9.844237
0.079713;0.132621;-0.541217;9.847541
0.095417;0.193077;-0.542991;9.854410
0.001842;-0.281461;-0.478840;9.822149
0.050008;0.003894;-0.489473;9.832327
0.058993;0.041631;-0.480579;9.833426
0.074224;0.120491;-0.475886;9.840089
0.083525;0.154551;-0.469547;9.845117
0.014753;-0.213331;-0.410309;9.813995
0.049361;0.003509;-0.412493;9.824426
0.064854;0.101380;-0.406865;9.827341
0.090289;0.246775;-0.410025;9.837444
0.015257;-0.254369;-0.352757;9.804001
0.054444;0.042377;-0.360510;9.817561
0.062838;0.084794;-0.354641;9.819958
0.075519;0.165111;-0.352516;9.827344
0.076088;0.141965;-0.344293;9.830361
0.006714;-0.406540;-0.292759;9.795934
0.026310;-0.215605;-0.290743;9.800738
0.038410;-0.122417;-0.285013;9.806131
0.063737;0.085538;-0.288311;9.814341
0.088489;0.282052;-0.295586;9.823441
0.040218;-0.071176;-0.253865;9.794345
0.055544;0.050690;-0.255638;9.804046
0.075984;0.226396;-0.262473;9.813732
0.083607;0.253050;-0.264340;9.819400
0.023151;-0.352965;-0.227267;9.789505
0.039991;-0.195893;-0.233600;9.783643
0.063037;0.011468;-0.242659;9.795067
0.071756;0.100351;-0.246807;9.801094
0.069086;0.176281;-0.250729;9.808010
0.004760;-0.326509;-0.220857;9.782456
0.002333;-0.065503;-0.224850;9.788891
-0.012181;0.007686;-0.220075;9.792107
-0.022837;0.176361;-0.215579;9.799924
-0.034795;0.257409;-0.204783;9.805685
-0.062397;-0.340954;-0.162775;9.776118
-0.071607;-0.144091;-0.142278;9.775853
-0.078443;-0.034664;-0.116695;9.781555
-0.086925;0.048561;-0.084526;9.784337
-0.104945;0.147760;-0.047301;9.789620
0.042484;0.233652;-0.012222;9.795175
0.160274;-0.302354;0.022719;9.768136
0.229872;-0.032394;0.036691;9.776069
0.257251;0.099329;0.042082;9.780818
0.251142;0.156153;0.040360;9.785100
0.226555;0.216240;0.031251;9.792605
0.154362;-0.242593;0.025160;9.772094
0.125156;-0.046328;0.004090;9.775988
0.101967;0.096265;-0.020916;9.782257
0.084115;0.189842;-0.047680;9.788037
0.033606;-0.342447;-0.062576;9.766111
0.044407;-0.090598;-0.093350;9.769393
0.052684;0.007075;-0.121452;9.774883
0.068529;0.162580;-0.150163;9.782438
0.087525;0.309508;-0.179704;9.791818
0.095259;0.283335;-0.203081;9.797539
0.055030;-0.303045;-0.205942;9.768123
0.076140;-0.027914;-0.228722;9.778035
0.093330;0.159687;-0.248614;9.785947
0.097996;0.208859;-0.261663;9.790314
0.098184;0.207247;-0.270671;9.794824
0.048340;-0.342224;-0.253810;9.766111
0.059645;-0.127699;-0.258951;9.772781
0.066249;-0.013340;-0.259860;9.778031
0.075966;0.131727;-0.260469;9.785878
0.088071;0.280173;-0.261527;9.794961
0.048780;-0.238211;-0.233420;9.775388
0.054551;-0.087216;-0.227985;9.774949
0.061337;0.006658;-0.221743;9.782835
0.065522;0.096573;-0.213605;9.788602
0.072079;0.212684;-0.207236;9.796481
0.035218;-0.365358;-0.173157;9.772124
0.044290;-0.123913;-0.166483;9.776942
0.012048;-0.579931;-0.134323;9.760001
0.032475;-0.154767;-0.129653;9.774411
0.047687;0.165299;-0.124711;9.777356
0.037380;-0.019177;-0.104568;9.784737
0.049640;0.326327;-0.103633;9.786889
0.054118;0.471774;-0.100851;9.800759
0.060279;0.670882;-0.101310;9.819618
0.038297;-0.092248;-0.079648;9.802109
0.037767;0.007707;-0.075751;9.799152
0.035752;0.021866;-0.070193;9.808054
0.035899;0.094463;-0.064466;9.813560
0.038403;0.104960;-0.057412;9.815289
0.038371;-0.432924;-0.040658;9.776566
0.046845;-0.237272;-0.034740;9.782549
0.054579;-0.125169;-0.028792;9.787682
0.062321;0.076744;-0.023961;9.795505
0.068307;0.186507;-0.019293;9.800573
0.069010;-0.457897;-0.007914;9.767729
0.072211;-0.227412;-0.005681;9.773473
0.074932;-0.080125;-0.004119;9.781046
0.076703;0.034597;-0.003442;9.784892
0.206074;0.162908;-0.010192;9.792496
0.286639;0.193014;-0.028705;9.800951
0.268409;-0.395743;-0.045004;9.787198
0.299026;-0.124875;-0.085585;9.795361
0.287623;-0.013403;-0.130857;9.802501
0.270555;0.152909;-0.185960;9.813296
0.239531;0.229050;-0.243357;9.823668
0.100764;-0.273278;-0.274322;9.809601
0.098582;-0.105919;-0.336335;9.805220
0.108876;0.067397;-0.397681;9.816953
0.114263;0.142811;-0.453256;9.827390
0.138888;0.257551;-0.510634;9.840984
0.036214;-0.243772;-0.515068;9.812737
0.100600;0.065934;-0.571479;9.830678
0.121916;0.125661;-0.606990;9.837272
0.141100;0.178528;-0.637315;9.847017
0.180573;0.306577;-0.674712;9.865425
0.052466;-0.299769;-0.632577;9.817360
0.080058;-0.115963;-0.646715;9.830683
0.108378;0.020680;-0.657316;9.842899
0.125739;0.113058;-0.659700;9.850352
0.151804;0.240743;-0.664309;9.864750
0.007487;-0.460864;-0.576960;9.799733
0.050403;-0.153707;-0.577034;9.819724
0.088852;0.050393;-0.572709;9.839964
0.109479;0.170214;-0.560059;9.845957
0.003165;-0.426627;-0.471597;9.791142
0.021984;-0.271976;-0.454143;9.787564
0.056285;-0.022593;-0.442933;9.810004
0.075348;0.102602;-0.425485;9.820738
0.096479;0.239703;-0.412378;9.835158
0.032636;-0.225281;-0.345839;9.792758
0.064327;0.051107;-0.339059;9.811467
0.071568;0.099655;-0.321795;9.820346
0.085752;0.212380;-0.312204;9.833730
0.017808;-0.382656;-0.247910;9.777406
0.050955;-0.034601;-0.248808;9.802764
0.069233;0.140686;-0.245764;9.815309
0.079935;0.255514;-0.240438;9.824489
0.022841;-0.375131;-0.191301;9.770932
0.036613;-0.174420;-0.186395;9.776281
0.047842;-0.041553;-0.182812;9.790217
0.063904;0.173161;-0.184695;9.801594
0.067950;0.225651;-0.181466;9.806380
0.020710;-0.439695;-0.141292;9.748580
0.043738;-0.031789;-0.147655;9.774922
0.052896;0.145249;-0.148327;9.782661
0.056951;0.237697;-0.146989;9.788954
0.056222;0.242987;-0.143221;9.793775
0.025105;-0.420454;-0.114914;9.749844
0.031085;-0.172590;-0.113419;9.757498
0.035046;-0.003409;-0.110784;9.769501
0.037943;0.209754;-0.108137;9.778128
0.038855;0.411301;-0.105344;9.792443
0.019095;-0.455812;-0.075999;9.736025
0.015845;-0.216185;-0.069209;9.742972
0.014445;-0.107821;-0.059038;9.752463
0.016858;0.098135;-0.049053;9.760267
0.026297;-0.537971;-0.026144;9.727183
0.029698;-0.074566;-0.016197;9.742530
0.032685;-0.025015;-0.002990;9.745897
0.029146;0.139159;0.010274;9.755294
0.021082;0.109720;0.025165;9.758997
0.033154;-0.751706;0.040771;9.728876
-0.010677;-0.631253;0.055745;9.732870
0.061846;-0.266999;0.071844;9.749668
0.109285;0.118496;0.085087;9.754755
0.144791;0.342996;0.093400;9.766125
0.174689;0.021875;0.091522;9.767419
0.166574;0.398523;0.091838;9.770710
0.150814;0.460797;0.087691;9.789136
0.129481;0.509912;0.081250;9.804317
0.107230;0.433203;0.072554;9.815414
0.090193;-0.380074;0.059410;9.787540
0.080337;-0.128269;0.047600;9.787453
0.076096;0.009597;0.034527;9.790666
0.075285;0.124496;0.021147;9.790903
0.078084;0.175359;0.007611;9.794373
0.077734;-0.435443;-0.006578;9.763843
0.083861;-0.095712;-0.020479;9.767652
0.090108;0.066950;-0.033117;9.773411
0.095108;0.209689;-0.045073;9.781000
0.100129;0.381201;-0.056527;9.793866
0.089092;-0.254562;-0.063350;9.773532
0.095001;0.009989;-0.072687;9.779045
0.096256;0.054139;-0.079758;9.786643
0.098710;0.178116;-0.086316;9.794848
0.101437;0.269503;-0.092015;9.803025
0.087337;-0.182730;-0.090378;9.770298
0.092527;0.027239;-0.094666;9.782475
0.096196;0.166520;-0.097937;9.790122
0.099582;0.267485;-0.100508;9.800994
0.082096;-0.313313;-0.092685;9.768649
0.091939;0.068142;-0.096785;9.785298
0.097273;0.218949;-0.098903;9.793689
0.099692;0.264109;-0.099582;9.801543
0.104062;0.380264;-0.101766;9.817955
0.082175;-0.343382;-0.089953;9.766981
0.088213;-0.106434;-0.091502;9.781322
0.094924;0.097987;-0.093913;9.795698
0.102970;0.332834;-0.097744;9.811583
0.080080;-0.419074;-0.085030;9.756070
0.087808;-0.115070;-0.088477;9.769111
0.091000;-0.039961;-0.089531;9.780181
0.098381;0.158022;-0.092724;9.793876
0.100975;0.200856;-0.094183;9.800113
0.106967;0.326724;-0.097976;9.814166
0.088212;-0.207070;-0.088019;9.766876
0.096198;0.020678;-0.092505;9.785586
0.101170;0.145502;-0.095948;9.793092
0.110525;0.343861;-0.101975;9.810157
0.087476;-0.280230;-0.091277;9.755579
0.094994;-0.077093;-0.096805;9.760898
0.101875;0.054629;-0.101579;9.777145
0.106745;0.140966;-0.105830;9.785106
0.111562;0.189323;-0.110117;9.794225
0.082683;-0.512917;-0.097845;9.751187
0.098455;-0.131801;-0.106426;9.768335
0.115066;0.151214;-0.116290;9.782399
0.125303;0.271794;-0.123833;9.788621
0.132622;0.298709;-0.130976;9.796562
0.143797;0.348199;-0.140549;9.809224
0.115440;-0.239416;-0.131283;9.763881
0.132846;-0.074361;-0.141967;9.775870
0.149162;0.067377;-0.153669;9.783714
0.106892;-0.493424;-0.144857;9.748730
0.124536;-0.176816;-0.161021;9.760180
0.138407;0.004488;-0.176769;9.772730
0.166523;0.325772;-0.201067;9.787939
0.173380;0.302646;-0.217036;9.795042
0.184635;0.256740;-0.234374;9.801471
0.130338;-0.376317;-0.222197;9.764654
0.182296;-0.229861;-0.244844;9.781103
-0.006805;-0.049329;-0.263100;9.778974
-0.136234;0.160338;-0.270587;9.781190
-0.243307;-0.450133;-0.232584;9.763442
-0.266988;-0.109537;-0.217159;9.769209
-0.248963;0.053071;-0.187440;9.776656
-0.206529;0.200255;-0.148972;9.785612
-0.147431;0.210747;-0.101591;9.795075
-0.039985;-0.327121;-0.045384;9.788047
-0.021363;-0.015403;0.010615;9.791883
-0.015849;0.168805;0.071803;9.798135
-0.016751;0.231804;0.131146;9.807045
0.053614;-0.307952;0.179873;9.798369
-0.000609;0.050789;0.246036;9.803814
0.096058;-0.525068;0.254800;9.796339
0.037579;-0.127498;0.311539;9.810045
0.090172;-0.334134;0.342664;9.825225
0.033650;0.003931;0.396646;9.818974
-0.030044;0.325051;0.454517;9.823289
-0.071906;0.479667;0.508052;9.839190
-0.089000;0.486188;0.555507;9.855927
-0.114030;0.497690;0.607123;9.870647
-0.006279;0.022220;0.601137;9.851031
-0.019638;0.036275;0.634321;9.856065
-0.031341;0.077777;0.664751;9.860588
-0.053465;0.157719;0.698336;9.867477
0.078938;-0.272623;0.659307;9.834886
0.043844;-0.097177;0.681601;9.844234
0.017657;0.034412;0.699239;9.849918
-0.000666;0.129237;0.716554;9.855773
-0.006737;0.158443;0.727016;9.862031
0.100614;-0.195942;0.667997;9.826391
0.039440;0.039596;0.687929;9.837993
0.006192;0.162877;0.699068;9.847599
-0.001461;0.194177;0.700329;9.855736
-0.015853;0.246987;0.707213;9.866095
0.137412;-0.357516;0.624931;9.829261
0.094851;-0.143195;0.628302;9.835203
0.070860;-0.037375;0.624903;9.842710
0.034782;0.143966;0.628913;9.852820
0.023061;0.207936;0.621899;9.858371
0.140736;-0.316750;0.539800;9.818500
0.102663;-0.100988;0.533220;9.823163
0.086620;-0.022145;0.518774;9.829890
0.063788;0.113861;0.508451;9.836993
0.061322;0.134666;0.489763;9.839026
0.151467;-0.341720;0.410965;9.805270
0.112603;-0.093124;0.402573;9.815012
0.077225;0.117696;0.399138;9.822546
0.068926;0.171243;0.383525;9.823743
0.056850;0.251872;0.375034;9.831457
0.148745;-0.384850;0.302703;9.791755
0.115614;-0.130811;0.298232;9.796284
0.096166;-0.003066;0.291477;9.802551
0.078884;0.128499;0.285373;9.806252
0.135813;-0.340039;0.235100;9.783407
0.103745;-0.042875;0.236428;9.789004
0.084094;0.117527;0.235595;9.795342
0.071668;0.233157;0.233338;9.799692
0.059608;0.345754;0.235477;9.807900
0.114195;-0.234611;0.196528;9.775181
0.100083;-0.079860;0.193644;9.778478
0.093382;-0.017860;0.188663;9.781597
0.082038;0.108595;0.187409;9.785578
0.077166;0.155300;0.184324;9.788048
0.107624;-0.224182;0.153992;9.754665
0.090741;0.026223;0.155566;9.761617
0.089503;0.124817;0.152694;9.766287
0.093806;0.207455;0.149495;9.772953
0.102439;0.235327;0.144745;9.780029
0.138077;-0.282098;0.117167;9.761715
0.138987;-0.060945;0.110197;9.766527
0.142819;0.044322;0.099506;9.772083
0.145970;0.179901;0.087924;9.780428
0.152447;0.175116;0.071544;9.786913
0.155478;-0.275278;0.041669;9.769138
0.161941;-0.083885;0.022139;9.779057
0.044205;0.160094;0.005209;9.785751
-0.032893;0.263960;-0.003060;9.790940
-0.084153;0.357652;-0.002726;9.801329
-0.100510;0.346095;0.004207;9.810211
-0.067622;0.024584;0.010228;9.788200
-0.049550;0.149733;0.029149;9.796476
-0.020619;0.199758;0.050137;9.803545
0.007881;0.223395;0.073504;9.810762
0.073518;-0.293103;0.086224;9.781397
0.076693;-0.104204;0.110648;9.785844
0.072226;0.050720;0.135149;9.799405
0.065204;0.163806;0.157785;9.805523
0.054175;0.276945;0.180266;9.817025
0.097957;-0.351481;0.179622;9.776007
0.083632;-0.161641;0.194641;9.783970
0.071077;-0.019394;0.207014;9.796648
0.054721;0.205969;0.219603;9.809390
0.051453;0.242000;0.225423;9.814266
0.048559;0.271254;0.229851;9.822270
0.093067;-0.270962;0.206339;9.764384
0.077406;0.003167;0.206894;9.786093
0.070601;0.141442;0.203558;9.794836
0.066176;0.241468;0.198971;9.804664
0.059140;0.359849;0.195351;9.820649
0.099649;-0.336852;0.165935;9.772171
0.091704;-0.145744;0.158598;9.781355
0.088522;-0.069700;0.148766;9.793649
0.077265;0.188094;0.143164;9.810474
0.080145;0.160405;0.131592;9.807362
0.108532;-0.372719;0.101119;9.758468
0.101111;-0.161822;0.091628;9.776557
0.093112;0.112911;0.085245;9.788759
0.091794;0.195944;0.076884;9.794597
0.091344;0.241432;0.069614;9.802848
0.093428;0.233019;0.062976;9.808187
0.107230;-0.179631;0.045889;9.778214
0.103174;-0.015840;0.041319;9.787199
0.100863;0.105737;0.037151;9.794099
0.098062;0.268125;0.034692;9.807760
0.112433;-0.459924;0.020972;9.766708
0.106722;-0.075361;0.019616;9.781914
0.112526;-0.001766;0.015956;9.787286
0.124424;0.119629;0.011745;9.794251
0.142879;0.185862;0.006174;9.800837
0.170677;0.197269;-0.001730;9.806355
0.188023;-0.386752;-0.014635;9.768763
0.231255;-0.099094;-0.030887;9.780902
0.291764;0.030604;-0.053190;9.787799
0.366547;0.069141;-0.084051;9.795181
0.382981;-0.753665;-0.107982;9.766743
0.048808;-0.340558;-0.154246;9.767089
-0.207705;-0.171312;-0.174718;9.761040
-0.391768;0.099787;-0.177767;9.766264
-0.471261;0.176803;-0.159707;9.778483
-0.376653;-0.400229;-0.123594;9.797469
-0.311966;-0.222068;-0.079339;9.794460
-0.233971;-0.009367;-0.019434;9.804015
-0.163028;0.182898;0.053958;9.818863
-0.089137;0.218161;0.129846;9.833177
0.096109;-0.352378;0.186395;9.840426
0.095759;-0.218194;0.268704;9.834932
0.051079;-0.006891;0.359552;9.843438
0.026406;0.056406;0.442341;9.853637
-0.024467;0.195371;0.531040;9.862260
-0.048657;0.192400;0.610730;9.856999
0.025869;-0.039465;0.654677;9.855565
-0.006703;0.037248;0.728071;9.864680
-0.041892;0.140658;0.802504;9.875736
-0.073405;0.226500;0.876374;9.888009
0.089759;-0.215874;0.871293;9.875854
0.044229;-0.048899;0.925096;9.878723
0.014369;0.049909;0.970358;9.885675
0.006146;0.095467;1.000851;9.891007
-0.007583;0.145149;1.028248;9.897073
0.122191;-0.165531;0.970279;9.873273
0.067823;0.011190;0.989136;9.879420
0.011703;0.183902;1.008518;9.887136
-0.003060;0.220942;1.005330;9.890548
0.108717;-0.059203;0.907631;9.860591
0.083482;0.021182;0.888471;9.866119
0.058855;0.121728;0.866211;9.870096
0.027745;0.230862;0.848157;9.876042
0.018973;0.248812;0.819572;9.879809
0.156955;-0.296952;0.697034;9.838222
0.128148;-0.158049;0.661398;9.837470
0.093551;-0.010621;0.633470;9.846738
0.075778;0.087147;0.597116;9.847838
0.070615;0.124616;0.556552;9.848061
0.060127;0.184463;0.524635;9.852368
0.142982;-0.243915;0.418628;9.810983
0.112132;-0.060296;0.392659;9.822459
0.087166;0.105416;0.368548;9.827720
0.079203;0.164885;0.339570;9.829826
0.157266;-0.398900;0.251940;9.791232
0.126895;-0.137829;0.236375;9.800007
0.105523;0.035302;0.222487;9.808406
0.099594;0.108952;0.203419;9.809335
0.097939;0.156559;0.187326;9.813775
0.148653;-0.371593;0.134642;9.785342
0.130410;-0.118528;0.129230;9.791854
